TermID	Term	Enrichment	logP	Genes in Term	Target Genes in Term	Fraction of Targets in Term	Total Target Genes	Total Genes	Entrez Gene IDs	Gene Symbols
SM00333	TUDOR	0.00257281053827043	-5.96275638295629	25	1	1	1	9717	3930	LBR
SM00214	VWC	0.999999999977228	-2.27717844580866e-11	36	0	0	1	9717
SM00322	KH	0.999999999977228	-2.27717844580866e-11	36	0	0	1	9717
SM00093	SERPIN	0.999999999977228	-2.27717844580866e-11	36	0	0	1	9717
SM00204	TGFB	0.999999999977228	-2.27717844580866e-11	36	0	0	1	9717
SM00450	RHOD	0.999999999980331	-1.9668864193606e-11	21	0	0	1	9717
SM00255	TIR	0.999999999980331	-1.9668864193606e-11	21	0	0	1	9717
SM00865	Tubulin_C	0.999999999980331	-1.9668864193606e-11	21	0	0	1	9717
SM00050	DISIN	0.999999999980331	-1.9668864193606e-11	21	0	0	1	9717
SM00443	G_patch	0.999999999980331	-1.9668864193606e-11	21	0	0	1	9717
SM00049	DEP	0.999999999980331	-1.9668864193606e-11	21	0	0	1	9717
SM00041	CT	0.999999999980331	-1.9668864193606e-11	21	0	0	1	9717
SM00020	Tryp_SPc	0.999999999982367	-1.76333201512557e-11	106	0	0	1	9717
SM00508	PostSET	0.999999999983	-1.69998164850638e-11	11	0	0	1	9717
SM00092	RNAse_Pc	0.999999999983	-1.69998164850638e-11	11	0	0	1	9717
SM00114	CARD	0.999999999983	-1.69998164850638e-11	11	0	0	1	9717
SM01330	Frizzled	0.999999999983	-1.69998164850638e-11	11	0	0	1	9717
SM00290	ZnF_UBP	0.999999999983	-1.69998164850638e-11	11	0	0	1	9717
SM00461	WH1	0.999999999983	-1.69998164850638e-11	11	0	0	1	9717
SM00310	PTBI	0.999999999983	-1.69998164850638e-11	11	0	0	1	9717
SM00391	MBD	0.999999999983	-1.69998164850638e-11	11	0	0	1	9717
SM00439	BAH	0.999999999983	-1.69998164850638e-11	11	0	0	1	9717
SM00460	TGc	0.999999999983	-1.69998164850638e-11	11	0	0	1	9717
SM00569	L27	0.999999999983	-1.69998164850638e-11	11	0	0	1	9717
SM00246	WH2	0.999999999983	-1.69998164850638e-11	11	0	0	1	9717
SM00251	SAM_PNT	0.999999999983	-1.69998164850638e-11	11	0	0	1	9717
SM01372	E2F_TDP	0.999999999983	-1.69998164850638e-11	11	0	0	1	9717
SM00038	COLFI	0.999999999983	-1.69998164850638e-11	11	0	0	1	9717
SM00232	JAB_MPN	0.999999999983	-1.69998164850638e-11	11	0	0	1	9717
SM00160	RanBD	0.999999999983	-1.69998164850638e-11	11	0	0	1	9717
SM00027	EH	0.999999999983	-1.69998164850638e-11	11	0	0	1	9717
SM00244	PHB	0.999999999983	-1.69998164850638e-11	11	0	0	1	9717
SM00216	VWD	0.99999999998339	-1.66096834636892e-11	15	0	0	1	9717
SM00501	BRIGHT	0.99999999998339	-1.66096834636892e-11	15	0	0	1	9717
SM00643	C345C	0.99999999998339	-1.66096834636892e-11	15	0	0	1	9717
SM00285	PBD	0.99999999998339	-1.66096834636892e-11	15	0	0	1	9717
SM00698	MORN	0.99999999998339	-1.66096834636892e-11	15	0	0	1	9717
SM01014	ARID	0.99999999998339	-1.66096834636892e-11	15	0	0	1	9717
SM00800	uDENN	0.99999999998339	-1.66096834636892e-11	15	0	0	1	9717
SM00498	FH2	0.99999999998339	-1.66096834636892e-11	15	0	0	1	9717
SM00230	CysPc	0.99999999998339	-1.66096834636892e-11	15	0	0	1	9717
SM00908	Gal-bind_lectin	0.99999999998339	-1.66096834636892e-11	15	0	0	1	9717
SM00721	BAR	0.99999999998339	-1.66096834636892e-11	15	0	0	1	9717
SM00502	BBC	0.99999999998339	-1.66096834636892e-11	15	0	0	1	9717
SM00276	GLECT	0.99999999998339	-1.66096834636892e-11	15	0	0	1	9717
SM00149	PLCYc	0.99999999998339	-1.66096834636892e-11	15	0	0	1	9717
SM00247	XTALbg	0.99999999998339	-1.66096834636892e-11	15	0	0	1	9717
SM00198	SCP	0.99999999998339	-1.66096834636892e-11	15	0	0	1	9717
SM00456	WW	0.999999999983743	-1.6256824011962e-11	48	0	0	1	9717
SM00430	HOLI	0.999999999983743	-1.6256824011962e-11	48	0	0	1	9717
SM00408	IGc2	0.999999999983882	-1.6117857049025e-11	239	0	0	1	9717
SM00184	RING	0.999999999983882	-1.6117857049025e-11	239	0	0	1	9717
SM00369	LRR_TYP	0.999999999984076	-1.5924116192334e-11	175	0	0	1	9717
SM00407	IGc1	0.999999999987863	-1.21373215297704e-11	42	0	0	1	9717
SM00423	PSI	0.999999999987863	-1.21373215297704e-11	42	0	0	1	9717
SM00199	SCY	0.999999999987863	-1.21373215297704e-11	42	0	0	1	9717
SM00717	SANT	0.999999999987863	-1.21373215297704e-11	42	0	0	1	9717
SM00312	PX	0.999999999987863	-1.21373215297704e-11	42	0	0	1	9717
SM00297	BROMO	0.999999999987863	-1.21373215297704e-11	42	0	0	1	9717
SM00326	SH3	0.999999999989098	-1.09020223404421e-11	202	0	0	1	9717
SM00360	RRM	0.999999999989098	-1.09020223404421e-11	202	0	0	1	9717
SM00239	C2	0.999999999989571	-1.04285295676743e-11	122	0	0	1	9717
SM00487	DEXDc	0.999999999989942	-1.00583690681999e-11	109	0	0	1	9717
SM00365	LRR_SD22	0.999999999990142	-9.85835631878151e-12	52	0	0	1	9717
SM00192	LDLa	0.999999999990474	-9.52594166742093e-12	45	0	0	1	9717
SM00033	CH	0.999999999990498	-9.50232687674246e-12	66	0	0	1	9717
SM00249	PHD	0.999999999990603	-9.39743595440579e-12	89	0	0	1	9717
SM00404	PTPc_motif	0.999999999991932	-8.06824745902546e-12	61	0	0	1	9717
SM00353	HLH	0.999999999991965	-8.03476382649215e-12	111	0	0	1	9717
SM00533	MUTSd	0.999999999992414	-7.58619772903146e-12	5	0	0	1	9717
SM01202	FerI	0.999999999992414	-7.58619772903146e-12	5	0	0	1	9717
SM01418	Defensin_propep	0.999999999992414	-7.58619772903146e-12	5	0	0	1	9717
SM01270	Longin	0.999999999992414	-7.58619772903146e-12	5	0	0	1	9717
SM00541	FYRN	0.999999999992414	-7.58619772903146e-12	5	0	0	1	9717
SM00527	HMG17	0.999999999992414	-7.58619772903146e-12	5	0	0	1	9717
SM00695	DUSP	0.999999999992414	-7.58619772903146e-12	5	0	0	1	9717
SM01145	DUF1041	0.999999999992414	-7.58619772903146e-12	5	0	0	1	9717
SM00673	CARP	0.999999999992414	-7.58619772903146e-12	5	0	0	1	9717
SM00580	PUG	0.999999999992414	-7.58619772903146e-12	5	0	0	1	9717
SM00542	FYRC	0.999999999992414	-7.58619772903146e-12	5	0	0	1	9717
SM01408	ING	0.999999999992414	-7.58619772903146e-12	5	0	0	1	9717
SM00991	WHEP-TRS	0.999999999992414	-7.58619772903146e-12	5	0	0	1	9717
SM00485	XPGN	0.999999999992414	-7.58619772903146e-12	5	0	0	1	9717
SM00104	ANATO	0.999999999992414	-7.58619772903146e-12	5	0	0	1	9717
SM00474	35EXOc	0.999999999992414	-7.58619772903146e-12	5	0	0	1	9717
SM00872	Alpha-mann_mid	0.999999999992414	-7.58619772903146e-12	5	0	0	1	9717
SM00878	Biotin_carb_C	0.999999999992414	-7.58619772903146e-12	5	0	0	1	9717
SM01175	DUF4206	0.999999999992414	-7.58619772903146e-12	5	0	0	1	9717
SM00266	CAD	0.999999999992414	-7.58619772903146e-12	5	0	0	1	9717
SM00572	DZF	0.999999999992414	-7.58619772903146e-12	5	0	0	1	9717
SM00539	NIDO	0.999999999992414	-7.58619772903146e-12	5	0	0	1	9717
SM00891	ERCC4	0.999999999992414	-7.58619772903146e-12	5	0	0	1	9717
SM01015	Arfaptin	0.999999999992414	-7.58619772903146e-12	5	0	0	1	9717
SM00432	MADS	0.999999999992414	-7.58619772903146e-12	5	0	0	1	9717
SM00279	HhH2	0.999999999992414	-7.58619772903146e-12	5	0	0	1	9717
SM00549	TAFH	0.999999999992414	-7.58619772903146e-12	5	0	0	1	9717
SM00321	WSC	0.999999999992414	-7.58619772903146e-12	5	0	0	1	9717
SM01407	NAC	0.999999999992414	-7.58619772903146e-12	5	0	0	1	9717
SM01041	BRO1	0.999999999992414	-7.58619772903146e-12	5	0	0	1	9717
SM00678	WWE	0.999999999992414	-7.58619772903146e-12	5	0	0	1	9717
SM00588	NEUZ	0.999999999992414	-7.58619772903146e-12	5	0	0	1	9717
SM01163	DUF1785	0.999999999992414	-7.58619772903146e-12	5	0	0	1	9717
SM00264	BAG	0.999999999992414	-7.58619772903146e-12	5	0	0	1	9717
SM00838	EFG_C	0.999999999992414	-7.58619772903146e-12	5	0	0	1	9717
SM00540	LEM	0.999999999992414	-7.58619772903146e-12	5	0	0	1	9717
SM00750	KIND	0.999999999992414	-7.58619772903146e-12	5	0	0	1	9717
SM00534	MUTSac	0.999999999992414	-7.58619772903146e-12	5	0	0	1	9717
SM00602	VPS10	0.999999999992414	-7.58619772903146e-12	5	0	0	1	9717
SM00571	DDT	0.999999999992414	-7.58619772903146e-12	5	0	0	1	9717
SM00734	ZnF_Rad18	0.999999999992414	-7.58619772903146e-12	5	0	0	1	9717
SM01201	FerB	0.999999999992414	-7.58619772903146e-12	5	0	0	1	9717
SM01329	Iso_dh	0.999999999992414	-7.58619772903146e-12	5	0	0	1	9717
SM00765	MANEC	0.999999999992414	-7.58619772903146e-12	5	0	0	1	9717
SM00584	TLDc	0.999999999992414	-7.58619772903146e-12	5	0	0	1	9717
SM00570	AWS	0.999999999992414	-7.58619772903146e-12	5	0	0	1	9717
SM00484	XPGI	0.999999999992414	-7.58619772903146e-12	5	0	0	1	9717
SM01400	Pribosyltran_N	0.999999999992414	-7.58619772903146e-12	5	0	0	1	9717
SM00242	MYSc	0.99999999999243	-7.57043126103918e-12	38	0	0	1	9717
SM00969	SOCS_box	0.99999999999243	-7.57043126103918e-12	38	0	0	1	9717
SM00256	FBOX	0.99999999999243	-7.57043126103918e-12	38	0	0	1	9717
SM00112	CA	0.999999999992718	-7.28219221035609e-12	113	0	0	1	9717
SM00409	IG	0.999999999992891	-7.10936171044452e-12	394	0	0	1	9717
SM00271	DnaJ	0.999999999993024	-6.97597014875928e-12	47	0	0	1	9717
SM00042	CUB	0.999999999993024	-6.97597014875928e-12	47	0	0	1	9717
SM00034	CLECT	0.999999999993238	-6.76252803755162e-12	84	0	0	1	9717
SM00174	RHO	0.999999999993697	-6.30326693618066e-12	123	0	0	1	9717
SM00224	GGL	0.999999999994424	-5.57560161235093e-12	17	0	0	1	9717
SM00044	CYCc	0.999999999994424	-5.57560161235093e-12	17	0	0	1	9717
SM00131	KU	0.999999999994424	-5.57560161235093e-12	17	0	0	1	9717
SM00148	PLCXc	0.999999999994424	-5.57560161235093e-12	17	0	0	1	9717
SM00358	DSRM	0.999999999994424	-5.57560161235093e-12	17	0	0	1	9717
SM00744	RINGv	0.999999999994424	-5.57560161235093e-12	17	0	0	1	9717
SM00076	IFabd	0.999999999994424	-5.57560161235093e-12	17	0	0	1	9717
SM01332	Cyclin_C	0.999999999994424	-5.57560161235093e-12	17	0	0	1	9717
SM00137	MAM	0.999999999994424	-5.57560161235093e-12	17	0	0	1	9717
SM00593	RUN	0.999999999994424	-5.57560161235093e-12	17	0	0	1	9717
SM00211	TY	0.999999999994424	-5.57560161235093e-12	17	0	0	1	9717
SM00724	TLC	0.999999999994424	-5.57560161235093e-12	17	0	0	1	9717
SM01224	G_gamma	0.999999999994424	-5.57560161235093e-12	17	0	0	1	9717
SM00086	PAC	0.999999999994424	-5.57560161235093e-12	17	0	0	1	9717
SM00425	TBOX	0.999999999994424	-5.57560161235093e-12	17	0	0	1	9717
SM01057	Carb_anhydrase	0.999999999994424	-5.57560161235093e-12	17	0	0	1	9717
SM00577	CPDc	0.999999999994611	-5.38904804028156e-12	8	0	0	1	9717
SM01166	DUF1899	0.999999999994611	-5.38904804028156e-12	8	0	0	1	9717
SM00187	INB	0.999999999994611	-5.38904804028156e-12	8	0	0	1	9717
SM00524	DWB	0.999999999994611	-5.38904804028156e-12	8	0	0	1	9717
SM01203	DUF3585	0.999999999994611	-5.38904804028156e-12	8	0	0	1	9717
SM00504	Ubox	0.999999999994611	-5.38904804028156e-12	8	0	0	1	9717
SM00258	SAND	0.999999999994611	-5.38904804028156e-12	8	0	0	1	9717
SM01328	zf-3CxxC	0.999999999994611	-5.38904804028156e-12	8	0	0	1	9717
SM01326	PTEN_C2	0.999999999994611	-5.38904804028156e-12	8	0	0	1	9717
SM00167	VPS9	0.999999999994611	-5.38904804028156e-12	8	0	0	1	9717
SM00142	PI3K_C2	0.999999999994611	-5.38904804028156e-12	8	0	0	1	9717
SM00262	GEL	0.999999999994611	-5.38904804028156e-12	8	0	0	1	9717
SM00281	LamB	0.999999999994611	-5.38904804028156e-12	8	0	0	1	9717
SM00351	PAX	0.999999999994611	-5.38904804028156e-12	8	0	0	1	9717
SM00609	VIT	0.999999999994611	-5.38904804028156e-12	8	0	0	1	9717
SM00861	Transket_pyr	0.999999999994611	-5.38904804028156e-12	8	0	0	1	9717
SM00068	GHB	0.999999999994611	-5.38904804028156e-12	8	0	0	1	9717
SM01388	Mob1_phocein	0.999999999994611	-5.38904804028156e-12	8	0	0	1	9717
SM00089	PKD	0.999999999994611	-5.38904804028156e-12	8	0	0	1	9717
SM00085	PA2c	0.999999999994611	-5.38904804028156e-12	8	0	0	1	9717
SM00884	Cullin_Nedd8	0.999999999994611	-5.38904804028156e-12	8	0	0	1	9717
SM00948	Proteasome_A_N	0.999999999994611	-5.38904804028156e-12	8	0	0	1	9717
SM00357	CSP	0.999999999994611	-5.38904804028156e-12	8	0	0	1	9717
SM00153	VHP	0.999999999994611	-5.38904804028156e-12	8	0	0	1	9717
SM00263	LYZ1	0.999999999994611	-5.38904804028156e-12	8	0	0	1	9717
SM00950	Piwi	0.999999999994611	-5.38904804028156e-12	8	0	0	1	9717
SM00141	PDGF	0.999999999994611	-5.38904804028156e-12	8	0	0	1	9717
SM01055	Cadherin_pro	0.999999999994611	-5.38904804028156e-12	8	0	0	1	9717
SM01167	DUF1900	0.999999999994611	-5.38904804028156e-12	8	0	0	1	9717
SM00237	Calx_beta	0.999999999994611	-5.38904804028156e-12	8	0	0	1	9717
SM00330	PIPKc	0.999999999994611	-5.38904804028156e-12	8	0	0	1	9717
SM00328	BPI1	0.999999999994611	-5.38904804028156e-12	8	0	0	1	9717
SM00125	IL1	0.999999999994611	-5.38904804028156e-12	8	0	0	1	9717
SM00154	ZnF_AN1	0.999999999994611	-5.38904804028156e-12	8	0	0	1	9717
SM00746	TRASH	0.999999999994611	-5.38904804028156e-12	8	0	0	1	9717
SM00509	TFS2N	0.999999999994611	-5.38904804028156e-12	8	0	0	1	9717
SM00389	HOX	0.999999999994847	-5.15309322990376e-12	226	0	0	1	9717
SM00268	ACTIN	0.99999999999516	-4.83969461728684e-12	31	0	0	1	9717
SM00100	cNMP	0.99999999999516	-4.83969461728684e-12	31	0	0	1	9717
SM00110	C1Q	0.99999999999516	-4.83969461728684e-12	31	0	0	1	9717
SM00630	Sema	0.99999999999516	-4.83969461728684e-12	31	0	0	1	9717
SM00233	PH	0.999999999995374	-4.62560892366959e-12	259	0	0	1	9717
SM01393	Ribosomal_L32e	0.999999999995416	-4.58416051158424e-12	1	0	0	1	9717
SM00975	Telomerase_RBD	0.999999999995416	-4.58416051158424e-12	1	0	0	1	9717
SM00531	TFIIE	0.999999999995416	-4.58416051158424e-12	1	0	0	1	9717
SM01158	DUF1741	0.999999999995416	-4.58416051158424e-12	1	0	0	1	9717
SM01346	DUF3385	0.999999999995416	-4.58416051158424e-12	1	0	0	1	9717
SM00898	Fapy_DNA_glyco	0.999999999995416	-4.58416051158424e-12	1	0	0	1	9717
SM01356	AP4E_app_platf	0.999999999995416	-4.58416051158424e-12	1	0	0	1	9717
SM00189	IL2	0.999999999995416	-4.58416051158424e-12	1	0	0	1	9717
SM01344	NUC194	0.999999999995416	-4.58416051158424e-12	1	0	0	1	9717
SM00340	HALZ	0.999999999995416	-4.58416051158424e-12	1	0	0	1	9717
SM00286	PTI	0.999999999995416	-4.58416051158424e-12	1	0	0	1	9717
SM00743	Agenet	0.999999999995416	-4.58416051158424e-12	1	0	0	1	9717
SM00709	Zpr1	0.999999999995416	-4.58416051158424e-12	1	0	0	1	9717
SM00990	VRR_NUC	0.999999999995416	-4.58416051158424e-12	1	0	0	1	9717
SM01219	Frataxin_Cyay	0.999999999995416	-4.58416051158424e-12	1	0	0	1	9717
SM01310	RICTOR_V	0.999999999995416	-4.58416051158424e-12	1	0	0	1	9717
SM00998	ADSL_C	0.999999999995416	-4.58416051158424e-12	1	0	0	1	9717
SM00521	CBF	0.999999999995416	-4.58416051158424e-12	1	0	0	1	9717
SM00254	ShKT	0.999999999995416	-4.58416051158424e-12	1	0	0	1	9717
SM01223	FTO_NTD	0.999999999995416	-4.58416051158424e-12	1	0	0	1	9717
SM01406	PAPA-1	0.999999999995416	-4.58416051158424e-12	1	0	0	1	9717
SM01044	Btz	0.999999999995416	-4.58416051158424e-12	1	0	0	1	9717
SM00754	CHRD	0.999999999995416	-4.58416051158424e-12	1	0	0	1	9717
SM01129	DELLA	0.999999999995416	-4.58416051158424e-12	1	0	0	1	9717
SM01135	DIRP	0.999999999995416	-4.58416051158424e-12	1	0	0	1	9717
SM00071	Galanin	0.999999999995416	-4.58416051158424e-12	1	0	0	1	9717
SM01168	DUF1907	0.999999999995416	-4.58416051158424e-12	1	0	0	1	9717
SM00019	SF_P	0.999999999995416	-4.58416051158424e-12	1	0	0	1	9717
SM01414	P68HR	0.999999999995416	-4.58416051158424e-12	1	0	0	1	9717
SM01258	KRBA1	0.999999999995416	-4.58416051158424e-12	1	0	0	1	9717
SM00845	GatB_Yqey	0.999999999995416	-4.58416051158424e-12	1	0	0	1	9717
SM00934	OMPdecase	0.999999999995416	-4.58416051158424e-12	1	0	0	1	9717
SM01120	Dak2	0.999999999995416	-4.58416051158424e-12	1	0	0	1	9717
SM00245	TSPc	0.999999999995416	-4.58416051158424e-12	1	0	0	1	9717
SM01024	BCS1_N	0.999999999995416	-4.58416051158424e-12	1	0	0	1	9717
SM01031	BHD_2	0.999999999995416	-4.58416051158424e-12	1	0	0	1	9717
SM00659	RPOLCX	0.999999999995416	-4.58416051158424e-12	1	0	0	1	9717
SM00922	MR_MLE	0.999999999995416	-4.58416051158424e-12	1	0	0	1	9717
SM00904	Flavokinase	0.999999999995416	-4.58416051158424e-12	1	0	0	1	9717
SM01365	Op_neuropeptide	0.999999999995416	-4.58416051158424e-12	1	0	0	1	9717
SM01102	CRM1_C	0.999999999995416	-4.58416051158424e-12	1	0	0	1	9717
SM00507	HNHc	0.999999999995416	-4.58416051158424e-12	1	0	0	1	9717
SM01075	CDT1	0.999999999995416	-4.58416051158424e-12	1	0	0	1	9717
SM01118	CYTH	0.999999999995416	-4.58416051158424e-12	1	0	0	1	9717
SM01013	APC2	0.999999999995416	-4.58416051158424e-12	1	0	0	1	9717
SM01069	CDC37_C	0.999999999995416	-4.58416051158424e-12	1	0	0	1	9717
SM01016	Arg_tRNA_synt_N	0.999999999995416	-4.58416051158424e-12	1	0	0	1	9717
SM00941	PYNP_C	0.999999999995416	-4.58416051158424e-12	1	0	0	1	9717
SM01211	GATase_5	0.999999999995416	-4.58416051158424e-12	1	0	0	1	9717
SM01385	DSS1_SEM1	0.999999999995416	-4.58416051158424e-12	1	0	0	1	9717
SM01191	ENT	0.999999999995416	-4.58416051158424e-12	1	0	0	1	9717
SM01354	BLVR	0.999999999995416	-4.58416051158424e-12	1	0	0	1	9717
SM00748	HEPN	0.999999999995416	-4.58416051158424e-12	1	0	0	1	9717
SM00945	ProQ	0.999999999995416	-4.58416051158424e-12	1	0	0	1	9717
SM00567	EZ_HEAT	0.999999999995416	-4.58416051158424e-12	1	0	0	1	9717
SM00226	LMWPc	0.999999999995416	-4.58416051158424e-12	1	0	0	1	9717
SM01284	ECSIT_Cterm	0.999999999995416	-4.58416051158424e-12	1	0	0	1	9717
SM01254	KLRAQ	0.999999999995416	-4.58416051158424e-12	1	0	0	1	9717
SM00084	NMU	0.999999999995416	-4.58416051158424e-12	1	0	0	1	9717
SM00752	HTTM	0.999999999995416	-4.58416051158424e-12	1	0	0	1	9717
SM00026	EPEND	0.999999999995416	-4.58416051158424e-12	1	0	0	1	9717
SM01291	N-SET	0.999999999995416	-4.58416051158424e-12	1	0	0	1	9717
SM01018	B12-binding_2	0.999999999995416	-4.58416051158424e-12	1	0	0	1	9717
SM00683	DM16	0.999999999995416	-4.58416051158424e-12	1	0	0	1	9717
SM00318	SNc	0.999999999995416	-4.58416051158424e-12	1	0	0	1	9717
SM01262	LAMTOR	0.999999999995416	-4.58416051158424e-12	1	0	0	1	9717
SM01004	ALAD	0.999999999995416	-4.58416051158424e-12	1	0	0	1	9717
SM01285	FACT-Spt16_Nlob	0.999999999995416	-4.58416051158424e-12	1	0	0	1	9717
SM00817	Amelin	0.999999999995416	-4.58416051158424e-12	1	0	0	1	9717
SM01342	TAN	0.999999999995416	-4.58416051158424e-12	1	0	0	1	9717
SM00976	Telo_bind	0.999999999995416	-4.58416051158424e-12	1	0	0	1	9717
SM01152	DUF167	0.999999999995416	-4.58416051158424e-12	1	0	0	1	9717
SM00983	TPK_B1_binding	0.999999999995416	-4.58416051158424e-12	1	0	0	1	9717
SM01033	BING4CT	0.999999999995416	-4.58416051158424e-12	1	0	0	1	9717
SM01309	RICTOR_phospho	0.999999999995416	-4.58416051158424e-12	1	0	0	1	9717
SM00067	GHA	0.999999999995416	-4.58416051158424e-12	1	0	0	1	9717
SM01397	Ribosomal_S3Ae	0.999999999995416	-4.58416051158424e-12	1	0	0	1	9717
SM00658	RPOL8c	0.999999999995416	-4.58416051158424e-12	1	0	0	1	9717
SM00762	Cog4	0.999999999995416	-4.58416051158424e-12	1	0	0	1	9717
SM01222	FTCD_N	0.999999999995416	-4.58416051158424e-12	1	0	0	1	9717
SM01413	Ribosomal_S19e	0.999999999995416	-4.58416051158424e-12	1	0	0	1	9717
SM01183	EF1G	0.999999999995416	-4.58416051158424e-12	1	0	0	1	9717
SM01133	DeoC	0.999999999995416	-4.58416051158424e-12	1	0	0	1	9717
SM00096	UTG	0.999999999995416	-4.58416051158424e-12	1	0	0	1	9717
SM00798	AICARFT_IMPCHas	0.999999999995416	-4.58416051158424e-12	1	0	0	1	9717
SM01188	ELK	0.999999999995416	-4.58416051158424e-12	1	0	0	1	9717
SM01087	COG6	0.999999999995416	-4.58416051158424e-12	1	0	0	1	9717
SM01032	BHD_3	0.999999999995416	-4.58416051158424e-12	1	0	0	1	9717
SM00932	Nfu_N	0.999999999995416	-4.58416051158424e-12	1	0	0	1	9717
SM01071	CDC37_N	0.999999999995416	-4.58416051158424e-12	1	0	0	1	9717
SM01261	Thymopoietin	0.999999999995416	-4.58416051158424e-12	1	0	0	1	9717
SM01000	Aha1_N	0.999999999995416	-4.58416051158424e-12	1	0	0	1	9717
SM01335	PADR1	0.999999999995416	-4.58416051158424e-12	1	0	0	1	9717
SM01395	Tbf5	0.999999999995416	-4.58416051158424e-12	1	0	0	1	9717
SM01396	BC10	0.999999999995416	-4.58416051158424e-12	1	0	0	1	9717
SM00040	CSF2	0.999999999995416	-4.58416051158424e-12	1	0	0	1	9717
SM01124	DBR1	0.999999999995416	-4.58416051158424e-12	1	0	0	1	9717
SM00929	NADH-G_4Fe-4S_3	0.999999999995416	-4.58416051158424e-12	1	0	0	1	9717
SM01228	GIDA_assoc_3	0.999999999995416	-4.58416051158424e-12	1	0	0	1	9717
SM01378	Romo1	0.999999999995416	-4.58416051158424e-12	1	0	0	1	9717
SM01307	RICTOR_M	0.999999999995416	-4.58416051158424e-12	1	0	0	1	9717
SM01001	AIRC	0.999999999995416	-4.58416051158424e-12	1	0	0	1	9717
SM01136	DKCLD	0.999999999995416	-4.58416051158424e-12	1	0	0	1	9717
SM01077	Cg6151-P	0.999999999995416	-4.58416051158424e-12	1	0	0	1	9717
SM01209	GARS_A	0.999999999995416	-4.58416051158424e-12	1	0	0	1	9717
SM00995	AD	0.999999999995416	-4.58416051158424e-12	1	0	0	1	9717
SM00127	IL7	0.999999999995416	-4.58416051158424e-12	1	0	0	1	9717
SM01278	MAPKK1_Int	0.999999999995416	-4.58416051158424e-12	1	0	0	1	9717
SM00470	ParB	0.999999999995416	-4.58416051158424e-12	1	0	0	1	9717
SM00277	GRAN	0.999999999995416	-4.58416051158424e-12	1	0	0	1	9717
SM00984	UDPG_MGDP_dh_C	0.999999999995416	-4.58416051158424e-12	1	0	0	1	9717
SM00986	UDG	0.999999999995416	-4.58416051158424e-12	1	0	0	1	9717
SM00870	Asparaginase	0.999999999995416	-4.58416051158424e-12	1	0	0	1	9717
SM00780	PIG-X	0.999999999995416	-4.58416051158424e-12	1	0	0	1	9717
SM01180	DWNN	0.999999999995416	-4.58416051158424e-12	1	0	0	1	9717
SM01302	Raptor_N	0.999999999995416	-4.58416051158424e-12	1	0	0	1	9717
SM00910	HIRAN	0.999999999995416	-4.58416051158424e-12	1	0	0	1	9717
SM01264	M16C_associated	0.999999999995416	-4.58416051158424e-12	1	0	0	1	9717
SM00017	OSTEO	0.999999999995416	-4.58416051158424e-12	1	0	0	1	9717
SM01098	CPSF73-100_C	0.999999999995416	-4.58416051158424e-12	1	0	0	1	9717
SM00597	ZnF_TTF	0.999999999995416	-4.58416051158424e-12	1	0	0	1	9717
SM01347	Mre11_DNA_bind	0.999999999995416	-4.58416051158424e-12	1	0	0	1	9717
SM00157	PRP	0.999999999995416	-4.58416051158424e-12	1	0	0	1	9717
SM00805	AGTRAP	0.999999999995416	-4.58416051158424e-12	1	0	0	1	9717
SM01409	RNA_pol_Rpb6	0.999999999995416	-4.58416051158424e-12	1	0	0	1	9717
SM01159	DUF1744	0.999999999995416	-4.58416051158424e-12	1	0	0	1	9717
SM01306	RFX5_DNA_bdg	0.999999999995416	-4.58416051158424e-12	1	0	0	1	9717
SM01204	FIST_C	0.999999999995416	-4.58416051158424e-12	1	0	0	1	9717
SM01197	FANCL_C	0.999999999995416	-4.58416051158424e-12	1	0	0	1	9717
SM01348	Nbs1_C	0.999999999995416	-4.58416051158424e-12	1	0	0	1	9717
SM01295	K167R	0.999999999995416	-4.58416051158424e-12	1	0	0	1	9717
SM01030	BHD_1	0.999999999995416	-4.58416051158424e-12	1	0	0	1	9717
SM01353	AIF_C	0.999999999995416	-4.58416051158424e-12	1	0	0	1	9717
SM00928	NADH_4Fe-4S	0.999999999995416	-4.58416051158424e-12	1	0	0	1	9717
SM01389	Spt4	0.999999999995416	-4.58416051158424e-12	1	0	0	1	9717
SM00858	SAF	0.999999999995416	-4.58416051158424e-12	1	0	0	1	9717
SM01280	Mcm10	0.999999999995416	-4.58416051158424e-12	1	0	0	1	9717
SM01377	Ribosomal_L40e	0.999999999995416	-4.58416051158424e-12	1	0	0	1	9717
SM01286	SPT16	0.999999999995416	-4.58416051158424e-12	1	0	0	1	9717
SM01156	DUF1716	0.999999999995416	-4.58416051158424e-12	1	0	0	1	9717
SM00654	eIF6	0.999999999995416	-4.58416051158424e-12	1	0	0	1	9717
SM01155	DUF1713	0.999999999995416	-4.58416051158424e-12	1	0	0	1	9717
SM01125	DCP2	0.999999999995416	-4.58416051158424e-12	1	0	0	1	9717
SM01422	SARA	0.999999999995416	-4.58416051158424e-12	1	0	0	1	9717
SM01123	DBP10CT	0.999999999995416	-4.58416051158424e-12	1	0	0	1	9717
SM01364	NPP	0.999999999995416	-4.58416051158424e-12	1	0	0	1	9717
SM00874	B5	0.999999999995416	-4.58416051158424e-12	1	0	0	1	9717
SM00987	UreE_C	0.999999999995416	-4.58416051158424e-12	1	0	0	1	9717
SM01331	DUF3635	0.999999999995416	-4.58416051158424e-12	1	0	0	1	9717
SM01082	CHZ	0.999999999995416	-4.58416051158424e-12	1	0	0	1	9717
SM01253	Kin17_mid	0.999999999995416	-4.58416051158424e-12	1	0	0	1	9717
SM00613	PAW	0.999999999995416	-4.58416051158424e-12	1	0	0	1	9717
SM01186	eIF3_N	0.999999999995416	-4.58416051158424e-12	1	0	0	1	9717
SM01220	FSA_C	0.999999999995416	-4.58416051158424e-12	1	0	0	1	9717
SM01036	BP28CT	0.999999999995416	-4.58416051158424e-12	1	0	0	1	9717
SM00575	ZnF_PMZ	0.999999999995416	-4.58416051158424e-12	1	0	0	1	9717
SM01085	CK_II_beta	0.999999999995416	-4.58416051158424e-12	1	0	0	1	9717
SM01060	Catalase	0.999999999995416	-4.58416051158424e-12	1	0	0	1	9717
SM01363	ACTH_domain	0.999999999995416	-4.58416051158424e-12	1	0	0	1	9717
SM00823	PKS_PP	0.999999999995416	-4.58416051158424e-12	1	0	0	1	9717
SM01311	RPOL_N	0.999999999995416	-4.58416051158424e-12	1	0	0	1	9717
SM00203	TK	0.999999999995416	-4.58416051158424e-12	1	0	0	1	9717
SM01386	Ribosomal_S13_N	0.999999999995416	-4.58416051158424e-12	1	0	0	1	9717
SM01169	DUF1943	0.999999999995416	-4.58416051158424e-12	1	0	0	1	9717
SM01416	Ribosomal_L19e	0.999999999995416	-4.58416051158424e-12	1	0	0	1	9717
SM00802	UME	0.999999999995416	-4.58416051158424e-12	1	0	0	1	9717
SM01308	RICTOR_N	0.999999999995416	-4.58416051158424e-12	1	0	0	1	9717
SM01273	Mago-bind	0.999999999995416	-4.58416051158424e-12	1	0	0	1	9717
SM00738	NGN	0.999999999995416	-4.58416051158424e-12	1	0	0	1	9717
SM01296	N2227	0.999999999995416	-4.58416051158424e-12	1	0	0	1	9717
SM00719	Plus3	0.999999999995416	-4.58416051158424e-12	1	0	0	1	9717
SM01206	Fibrillarin	0.999999999995416	-4.58416051158424e-12	1	0	0	1	9717
SM01404	CIMR	0.999999999995416	-4.58416051158424e-12	1	0	0	1	9717
SM01402	Ribosomal_S27	0.999999999995416	-4.58416051158424e-12	1	0	0	1	9717
SM01297	KAP	0.999999999995416	-4.58416051158424e-12	1	0	0	1	9717
SM00463	SMR	0.999999999995416	-4.58416051158424e-12	1	0	0	1	9717
SM00946	ProRS-C_1	0.999999999995416	-4.58416051158424e-12	1	0	0	1	9717
SM01181	E2_bind	0.999999999995416	-4.58416051158424e-12	1	0	0	1	9717
SM00784	SPT2	0.999999999995416	-4.58416051158424e-12	1	0	0	1	9717
SM00826	PKS_DH	0.999999999995416	-4.58416051158424e-12	1	0	0	1	9717
SM01341	Tower	0.999999999995416	-4.58416051158424e-12	1	0	0	1	9717
SM01384	Ribosomal_L15e	0.999999999995416	-4.58416051158424e-12	1	0	0	1	9717
SM00538	POP4	0.999999999995416	-4.58416051158424e-12	1	0	0	1	9717
SM01380	Ribosomal_L31e	0.999999999995416	-4.58416051158424e-12	1	0	0	1	9717
SM01128	DDRGK	0.999999999995416	-4.58416051158424e-12	1	0	0	1	9717
SM01035	BOP1NT	0.999999999995416	-4.58416051158424e-12	1	0	0	1	9717
SM01210	GARS_C	0.999999999995416	-4.58416051158424e-12	1	0	0	1	9717
SM01405	Ribosomal_S6e	0.999999999995416	-4.58416051158424e-12	1	0	0	1	9717
SM01303	RasGEF_N_2	0.999999999995416	-4.58416051158424e-12	1	0	0	1	9717
SM00530	HTH_XRE	0.999999999995416	-4.58416051158424e-12	1	0	0	1	9717
SM01162	DUF1771	0.999999999995416	-4.58416051158424e-12	1	0	0	1	9717
SM01214	Fmp27_GFWDK	0.999999999995416	-4.58416051158424e-12	1	0	0	1	9717
SM01161	DUF1767	0.999999999995416	-4.58416051158424e-12	1	0	0	1	9717
SM00095	TR_THY	0.999999999995416	-4.58416051158424e-12	1	0	0	1	9717
SM01160	DUF1751	0.999999999995416	-4.58416051158424e-12	1	0	0	1	9717
SM01350	6PGD	0.999999999995416	-4.58416051158424e-12	1	0	0	1	9717
SM01221	FTCD	0.999999999995416	-4.58416051158424e-12	1	0	0	1	9717
SM01173	DUF4187	0.999999999995416	-4.58416051158424e-12	1	0	0	1	9717
SM00944	Pro-kuma_activ	0.999999999995416	-4.58416051158424e-12	1	0	0	1	9717
SM00516	SEC14	0.999999999995672	-4.32833109631492e-12	26	0	0	1	9717
SM00336	BBOX	0.9999999999958	-4.19978895410678e-12	72	0	0	1	9717
SM01391	Filament	0.9999999999958	-4.19978895410678e-12	72	0	0	1	9717
SM00109	C1	0.999999999996795	-3.20493718369841e-12	65	0	0	1	9717
SM00252	SH2	0.999999999996958	-3.04209088475282e-12	103	0	0	1	9717
SM00159	PTX	0.999999999997697	-2.30256222075176e-12	10	0	0	1	9717
SM00134	LU	0.999999999997697	-2.30256222075176e-12	10	0	0	1	9717
SM00591	RWD	0.999999999997697	-2.30256222075176e-12	10	0	0	1	9717
SM01052	CAP_GLY	0.999999999997697	-2.30256222075176e-12	10	0	0	1	9717
SM00745	MIT	0.999999999997697	-2.30256222075176e-12	10	0	0	1	9717
SM00545	JmjN	0.999999999997697	-2.30256222075176e-12	10	0	0	1	9717
SM00128	IPPc	0.999999999997697	-2.30256222075176e-12	10	0	0	1	9717
SM00849	Lactamase_B	0.999999999997697	-2.30256222075176e-12	10	0	0	1	9717
SM01349	TOG	0.999999999997697	-2.30256222075176e-12	10	0	0	1	9717
SM00102	ADF	0.999999999997697	-2.30256222075176e-12	10	0	0	1	9717
SM00472	MIR	0.999999999997697	-2.30256222075176e-12	10	0	0	1	9717
SM00386	HAT	0.999999999997697	-2.30256222075176e-12	10	0	0	1	9717
SM00200	SEA	0.999999999997697	-2.30256222075176e-12	10	0	0	1	9717
SM01190	EMP24_GP25L	0.999999999997697	-2.30256222075176e-12	10	0	0	1	9717
SM00078	IlGF	0.999999999997697	-2.30256222075176e-12	10	0	0	1	9717
SM00543	MIF4G	0.999999999997697	-2.30256222075176e-12	10	0	0	1	9717
SM00755	Grip	0.999999999997697	-2.30256222075176e-12	10	0	0	1	9717
SM00045	DAGKa	0.999999999997697	-2.30256222075176e-12	10	0	0	1	9717
SM00562	NDK	0.999999999997697	-2.30256222075176e-12	10	0	0	1	9717
SM01017	Arrestin_C	0.999999999997697	-2.30256222075176e-12	10	0	0	1	9717
SM00855	PGAM	0.999999999997697	-2.30256222075176e-12	10	0	0	1	9717
SM00338	BRLZ	0.999999999997859	-2.14054815539377e-12	51	0	0	1	9717
SM00398	HMG	0.999999999997859	-2.14054815539377e-12	51	0	0	1	9717
SM00295	B41	0.999999999997859	-2.14054815539377e-12	51	0	0	1	9717
SM00054	EFh	0.999999999998027	-1.97301203153089e-12	139	0	0	1	9717
SM00213	UBQ	0.999999999998686	-1.31414670812013e-12	41	0	0	1	9717
SM00303	GPS	0.999999999999079	-9.20709689045118e-13	30	0	0	1	9717
SM00298	CHROMO	0.999999999999079	-9.20709689045118e-13	30	0	0	1	9717
SM00147	RasGEF	0.999999999999079	-9.20709689045118e-13	30	0	0	1	9717
SM00292	BRCT	0.999999999999368	-6.31760485939048e-13	18	0	0	1	9717
SM00631	Zn_pept	0.999999999999368	-6.31760485939048e-13	18	0	0	1	9717
SM00079	PBPe	0.999999999999368	-6.31760485939048e-13	18	0	0	1	9717
SM00014	acidPPc	0.999999999999368	-6.31760485939048e-13	18	0	0	1	9717
SM00847	HA2	0.999999999999368	-6.31760485939048e-13	18	0	0	1	9717
SM00367	LRR_CC	0.999999999999368	-6.31760485939048e-13	18	0	0	1	9717
SM00308	LH2	0.999999999999368	-6.31760485939048e-13	18	0	0	1	9717
SM00121	IB	0.999999999999368	-6.31760485939048e-13	18	0	0	1	9717
SM00261	FU	0.999999999999368	-6.31760485939048e-13	18	0	0	1	9717
SM00215	VWC_out	0.999999999999368	-6.31760485939048e-13	18	0	0	1	9717
SM00918	Lig_chan-Glu_bd	0.999999999999368	-6.31760485939048e-13	18	0	0	1	9717
SM00186	FBG	0.9999999999998	-1.99930350053279e-13	24	0	0	1	9717
SM00008	HormR	0.9999999999998	-1.99930350053279e-13	24	0	0	1	9717
SM01379	GAGE	0.9999999999998	-1.99930350053279e-13	24	0	0	1	9717
SM00105	ArfGap	1.00000000000085	8.50546195974022e-13	27	0	0	1	9717
SM01196	FERM_C	1.00000000000085	8.50546195974022e-13	27	0	0	1	9717
SM00458	RICIN	1.00000000000085	8.50546195974022e-13	27	0	0	1	9717
SM00429	IPT	1.00000000000085	8.50546195974022e-13	27	0	0	1	9717
SM00005	DEATH	1.00000000000085	8.50546195974022e-13	27	0	0	1	9717
SM00608	ACR	1.00000000000085	8.50546195974022e-13	27	0	0	1	9717
SM01411	Ephrin_rec_like	1.00000000000094	9.35152996706101e-13	25	0	0	1	9717
SM00202	SR	1.00000000000094	9.35152996706101e-13	25	0	0	1	9717
SM00072	GuKc	1.00000000000094	9.35152996706101e-13	25	0	0	1	9717
SM00091	PAS	1.00000000000094	9.35152996706101e-13	25	0	0	1	9717
SM01375	Dynein_light	1.00000000000104	1.03600521174016e-12	3	0	0	1	9717
SM00586	ZnF_DBF	1.00000000000104	1.03600521174016e-12	3	0	0	1	9717
SM00773	WGR	1.00000000000104	1.03600521174016e-12	3	0	0	1	9717
SM01022	ASCH	1.00000000000104	1.03600521174016e-12	3	0	0	1	9717
SM01232	H2TH	1.00000000000104	1.03600521174016e-12	3	0	0	1	9717
SM01073	CDC48_N	1.00000000000104	1.03600521174016e-12	3	0	0	1	9717
SM01046	c-SKI_SMAD_bind	1.00000000000104	1.03600521174016e-12	3	0	0	1	9717
SM01176	DUF4208	1.00000000000104	1.03600521174016e-12	3	0	0	1	9717
SM00311	PWI	1.00000000000104	1.03600521174016e-12	3	0	0	1	9717
SM00758	PA14	1.00000000000104	1.03600521174016e-12	3	0	0	1	9717
SM00803	TAF	1.00000000000104	1.03600521174016e-12	3	0	0	1	9717
SM00482	POLAc	1.00000000000104	1.03600521174016e-12	3	0	0	1	9717
SM00113	CALCITONIN	1.00000000000104	1.03600521174016e-12	3	0	0	1	9717
SM00960	Robl_LC7	1.00000000000104	1.03600521174016e-12	3	0	0	1	9717
SM01401	Sds3	1.00000000000104	1.03600521174016e-12	3	0	0	1	9717
SM00341	HRDC	1.00000000000104	1.03600521174016e-12	3	0	0	1	9717
SM01424	HAP1_N	1.00000000000104	1.03600521174016e-12	3	0	0	1	9717
SM00650	rADc	1.00000000000104	1.03600521174016e-12	3	0	0	1	9717
SM01368	RB_A	1.00000000000104	1.03600521174016e-12	3	0	0	1	9717
SM00985	UBA_e1_C	1.00000000000104	1.03600521174016e-12	3	0	0	1	9717
SM01334	DUF3454	1.00000000000104	1.03600521174016e-12	3	0	0	1	9717
SM00278	HhH1	1.00000000000104	1.03600521174016e-12	3	0	0	1	9717
SM00981	THUMP	1.00000000000104	1.03600521174016e-12	3	0	0	1	9717
SM00162	SAPA	1.00000000000104	1.03600521174016e-12	3	0	0	1	9717
SM00151	SWIB	1.00000000000104	1.03600521174016e-12	3	0	0	1	9717
SM00663	RPOLA_N	1.00000000000104	1.03600521174016e-12	3	0	0	1	9717
SM01083	Cir_N	1.00000000000104	1.03600521174016e-12	3	0	0	1	9717
SM00300	ChSh	1.00000000000104	1.03600521174016e-12	3	0	0	1	9717
SM00143	PI3K_p85B	1.00000000000104	1.03600521174016e-12	3	0	0	1	9717
SM00851	MGS	1.00000000000104	1.03600521174016e-12	3	0	0	1	9717
SM01367	DUF3452	1.00000000000104	1.03600521174016e-12	3	0	0	1	9717
SM00306	HintN	1.00000000000104	1.03600521174016e-12	3	0	0	1	9717
SM00722	CASH	1.00000000000104	1.03600521174016e-12	3	0	0	1	9717
SM01151	DUF1518	1.00000000000104	1.03600521174016e-12	3	0	0	1	9717
SM00735	ZM	1.00000000000104	1.03600521174016e-12	3	0	0	1	9717
SM01305	RESP18	1.00000000000104	1.03600521174016e-12	3	0	0	1	9717
SM00459	Sorb	1.00000000000104	1.03600521174016e-12	3	0	0	1	9717
SM00594	UAS	1.00000000000104	1.03600521174016e-12	3	0	0	1	9717
SM00305	HintC	1.00000000000104	1.03600521174016e-12	3	0	0	1	9717
SM01300	PEHE	1.00000000000104	1.03600521174016e-12	3	0	0	1	9717
SM00272	END	1.00000000000104	1.03600521174016e-12	3	0	0	1	9717
SM00736	CADG	1.00000000000104	1.03600521174016e-12	3	0	0	1	9717
SM01403	Ribosomal_S10	1.00000000000104	1.03600521174016e-12	3	0	0	1	9717
SM01051	CAMSAP_CKK	1.00000000000104	1.03600521174016e-12	3	0	0	1	9717
SM00996	AdoHcyase	1.00000000000104	1.03600521174016e-12	3	0	0	1	9717
SM01333	Tet_JBP	1.00000000000104	1.03600521174016e-12	3	0	0	1	9717
SM00916	L51_S25_CI-B8	1.00000000000104	1.03600521174016e-12	3	0	0	1	9717
SM00183	NAT_PEP	1.00000000000104	1.03600521174016e-12	3	0	0	1	9717
SM01260	LANC_like	1.00000000000104	1.03600521174016e-12	3	0	0	1	9717
SM00711	TDU	1.00000000000104	1.03600521174016e-12	3	0	0	1	9717
SM01271	LSM14	1.00000000000104	1.03600521174016e-12	3	0	0	1	9717
SM00006	A4_EXTRA	1.00000000000104	1.03600521174016e-12	3	0	0	1	9717
SM00002	PLP	1.00000000000104	1.03600521174016e-12	3	0	0	1	9717
SM01065	CBM_2	1.00000000000104	1.03600521174016e-12	3	0	0	1	9717
SM00576	BTP	1.00000000000104	1.03600521174016e-12	3	0	0	1	9717
SM01369	Rb_C	1.00000000000104	1.03600521174016e-12	3	0	0	1	9717
SM01199	FDF	1.00000000000104	1.03600521174016e-12	3	0	0	1	9717
SM00652	eIF1a	1.00000000000104	1.03600521174016e-12	3	0	0	1	9717
SM01257	KRAP_IP3R_bind	1.00000000000104	1.03600521174016e-12	3	0	0	1	9717
SM00309	PAH	1.00000000000104	1.03600521174016e-12	3	0	0	1	9717
SM00751	BSD	1.00000000000104	1.03600521174016e-12	3	0	0	1	9717
SM00931	NOSIC	1.00000000000104	1.03600521174016e-12	3	0	0	1	9717
SM01200	FerA	1.00000000000104	1.03600521174016e-12	3	0	0	1	9717
SM01146	DUF1086	1.00000000000104	1.03600521174016e-12	3	0	0	1	9717
SM00997	AdoHcyase_NAD	1.00000000000104	1.03600521174016e-12	3	0	0	1	9717
SM00836	DALR_1	1.00000000000104	1.03600521174016e-12	3	0	0	1	9717
SM00712	PUR	1.00000000000104	1.03600521174016e-12	3	0	0	1	9717
SM00553	SEP	1.00000000000104	1.03600521174016e-12	3	0	0	1	9717
SM00672	CAP10	1.00000000000104	1.03600521174016e-12	3	0	0	1	9717
SM00536	AXH	1.00000000000104	1.03600521174016e-12	3	0	0	1	9717
SM01147	DUF1087	1.00000000000104	1.03600521174016e-12	3	0	0	1	9717
SM00706	TECPR	1.00000000000104	1.03600521174016e-12	3	0	0	1	9717
SM00704	ZnF_CDGSH	1.00000000000104	1.03600521174016e-12	3	0	0	1	9717
SM00438	ZnF_NFX	1.00000000000104	1.03600521174016e-12	3	0	0	1	9717
SM00094	TR_FER	1.00000000000104	1.03600521174016e-12	3	0	0	1	9717
SM00299	CLH	1.00000000000104	1.03600521174016e-12	3	0	0	1	9717
SM00919	Malic_M	1.00000000000104	1.03600521174016e-12	3	0	0	1	9717
SM00265	BH4	1.00000000000104	1.03600521174016e-12	3	0	0	1	9717
SM01376	eIF-5a	1.00000000000104	1.03600521174016e-12	3	0	0	1	9717
SM00090	RIO	1.00000000000104	1.03600521174016e-12	3	0	0	1	9717
SM01274	malic	1.00000000000104	1.03600521174016e-12	3	0	0	1	9717
SM01275	MamL-1	1.00000000000104	1.03600521174016e-12	3	0	0	1	9717
SM00833	CobW_C	1.00000000000104	1.03600521174016e-12	3	0	0	1	9717
SM00478	ENDO3c	1.00000000000104	1.03600521174016e-12	3	0	0	1	9717
SM01138	DP	1.00000000000104	1.03600521174016e-12	3	0	0	1	9717
SM01299	PIP49_N	1.00000000000104	1.03600521174016e-12	3	0	0	1	9717
SM01371	TFIIA	1.00000000000104	1.03600521174016e-12	3	0	0	1	9717
SM00676	DM10	1.00000000000104	1.03600521174016e-12	3	0	0	1	9717
SM01212	Fib_alpha	1.00000000000104	1.03600521174016e-12	3	0	0	1	9717
SM00259	ZnF_A20	1.00000000000157	1.56683476956743e-12	7	0	0	1	9717
SM00250	PLEC	1.00000000000157	1.56683476956743e-12	7	0	0	1	9717
SM00004	NL	1.00000000000157	1.56683476956743e-12	7	0	0	1	9717
SM01062	Ca_chan_IQ	1.00000000000157	1.56683476956743e-12	7	0	0	1	9717
SM00077	ITAM	1.00000000000157	1.56683476956743e-12	7	0	0	1	9717
SM00729	Elp3	1.00000000000157	1.56683476956743e-12	7	0	0	1	9717
SM00582	RPR	1.00000000000157	1.56683476956743e-12	7	0	0	1	9717
SM00301	DM	1.00000000000157	1.56683476956743e-12	7	0	0	1	9717
SM00546	CUE	1.00000000000157	1.56683476956743e-12	7	0	0	1	9717
SM01243	IRF-3	1.00000000000157	1.56683476956743e-12	7	0	0	1	9717
SM00201	SO	1.00000000000157	1.56683476956743e-12	7	0	0	1	9717
SM00031	DED	1.00000000000157	1.56683476956743e-12	7	0	0	1	9717
SM01412	Pro-rich	1.00000000000157	1.56683476956743e-12	7	0	0	1	9717
SM00510	TFS2M	1.00000000000157	1.56683476956743e-12	7	0	0	1	9717
SM00964	STAT_int	1.00000000000157	1.56683476956743e-12	7	0	0	1	9717
SM00101	14_3_3	1.00000000000157	1.56683476956743e-12	7	0	0	1	9717
SM00515	eIF5C	1.00000000000157	1.56683476956743e-12	7	0	0	1	9717
SM00455	RBD	1.00000000000157	1.56683476956743e-12	7	0	0	1	9717
SM01361	A2M_recep	1.00000000000157	1.56683476956743e-12	7	0	0	1	9717
SM01359	A2M_N_2	1.00000000000157	1.56683476956743e-12	7	0	0	1	9717
SM01109	CUT	1.00000000000157	1.56683476956743e-12	7	0	0	1	9717
SM00671	SEL1	1.00000000000157	1.56683476956743e-12	7	0	0	1	9717
SM00182	CULLIN	1.00000000000157	1.56683476956743e-12	7	0	0	1	9717
SM00742	Hr1	1.00000000000157	1.56683476956743e-12	7	0	0	1	9717
SM00715	LA	1.00000000000157	1.56683476956743e-12	7	0	0	1	9717
SM00446	LRRcap	1.00000000000157	1.56683476956743e-12	7	0	0	1	9717
SM00053	DYNc	1.00000000000157	1.56683476956743e-12	7	0	0	1	9717
SM00636	Glyco_18	1.00000000000157	1.56683476956743e-12	7	0	0	1	9717
SM00238	BIR	1.00000000000157	1.56683476956743e-12	7	0	0	1	9717
SM00467	GS	1.00000000000157	1.56683476956743e-12	7	0	0	1	9717
SM01337	APC10	1.00000000000157	1.56683476956743e-12	7	0	0	1	9717
SM00848	Inhibitor_I29	1.00000000000157	1.56683476956743e-12	7	0	0	1	9717
SM00707	RPEL	1.00000000000157	1.56683476956743e-12	7	0	0	1	9717
SM00390	GoLoco	1.00000000000157	1.56683476956743e-12	7	0	0	1	9717
SM00730	PSN	1.00000000000157	1.56683476956743e-12	7	0	0	1	9717
SM01360	A2M	1.00000000000157	1.56683476956743e-12	7	0	0	1	9717
SM01242	Integrin_B_tail	1.00000000000157	1.56683476956743e-12	7	0	0	1	9717
SM00396	ZnF_UBR1	1.00000000000157	1.56683476956743e-12	7	0	0	1	9717
SM00468	PreSET	1.00000000000157	1.56683476956743e-12	7	0	0	1	9717
SM00642	Aamy	1.00000000000157	1.56683476956743e-12	7	0	0	1	9717
SM00065	GAF	1.00000000000157	1.56683476956743e-12	7	0	0	1	9717
SM00445	LINK	1.00000000000201	2.01176553714377e-12	14	0	0	1	9717
SM00036	CNH	1.00000000000201	2.01176553714377e-12	14	0	0	1	9717
SM01244	IRS	1.00000000000201	2.01176553714377e-12	14	0	0	1	9717
SM00241	ZP	1.00000000000201	2.01176553714377e-12	14	0	0	1	9717
SM00069	GLA	1.00000000000201	2.01176553714377e-12	14	0	0	1	9717
SM01117	Cyt-b5	1.00000000000201	2.01176553714377e-12	14	0	0	1	9717
SM00666	PB1	1.00000000000201	2.01176553714377e-12	14	0	0	1	9717
SM00323	RasGAP	1.00000000000201	2.01176553714377e-12	14	0	0	1	9717
SM00294	4.1m	1.00000000000201	2.01176553714377e-12	14	0	0	1	9717
SM00647	IBR	1.00000000000201	2.01176553714377e-12	14	0	0	1	9717
SM00135	LY	1.00000000000201	2.01176553714377e-12	14	0	0	1	9717
SM00046	DAGKc	1.00000000000201	2.01176553714377e-12	14	0	0	1	9717
SM00615	EPH_lbd	1.00000000000201	2.01176553714377e-12	14	0	0	1	9717
SM00219	TyrKc	1.00000000000239	2.39103875587787e-12	80	0	0	1	9717
SM00368	LRR_RI	1.00000000000319	3.18692988665603e-12	39	0	0	1	9717
SM00185	ARM	1.00000000000319	3.18692988665603e-12	39	0	0	1	9717
SM00129	KISc	1.00000000000329	3.28694276657826e-12	44	0	0	1	9717
SM00454	SAM	1.00000000000352	3.52249826529594e-12	83	0	0	1	9717
SM00082	LRRCT	1.00000000000352	3.52249826529594e-12	83	0	0	1	9717
SM00382	AAA	1.00000000000373	3.72998507081057e-12	135	0	0	1	9717
SM00401	ZnF_GATA	1.00000000000404	4.03836512841149e-12	12	0	0	1	9717
SM01100	CRAL_TRIO_N	1.00000000000404	4.03836512841149e-12	12	0	0	1	9717
SM00061	MATH	1.00000000000404	4.03836512841149e-12	12	0	0	1	9717
SM00980	THAP	1.00000000000404	4.03836512841149e-12	12	0	0	1	9717
SM00457	MACPF	1.00000000000404	4.03836512841149e-12	12	0	0	1	9717
SM00523	DWA	1.00000000000404	4.03836512841149e-12	12	0	0	1	9717
SM00692	DM3	1.00000000000404	4.03836512841149e-12	12	0	0	1	9717
SM00674	CENPB	1.00000000000404	4.03836512841149e-12	12	0	0	1	9717
SM00614	ZnF_BED	1.00000000000404	4.03836512841149e-12	12	0	0	1	9717
SM00720	calpain_III	1.00000000000404	4.03836512841149e-12	12	0	0	1	9717
SM00832	C8	1.00000000000404	4.03836512841149e-12	12	0	0	1	9717
SM01265	Mab-21	1.00000000000404	4.03836512841149e-12	12	0	0	1	9717
SM01394	S_100	1.00000000000411	4.11403463379534e-12	28	0	0	1	9717
SM00413	ETS	1.00000000000411	4.11403463379534e-12	28	0	0	1	9717
SM00119	HECTc	1.00000000000411	4.11403463379534e-12	28	0	0	1	9717
SM01373	MAGE	1.00000000000433	4.3327008647509e-12	34	0	0	1	9717
SM00385	CYCLIN	1.00000000000433	4.3327008647509e-12	34	0	0	1	9717
SM00431	SCAN	1.00000000000437	4.36772146228392e-12	56	0	0	1	9717
SM00293	PWWP	1.00000000000467	4.66673141102936e-12	20	0	0	1	9717
SM00229	RasGEFN	1.00000000000467	4.66673141102936e-12	20	0	0	1	9717
SM00332	PP2Cc	1.00000000000467	4.66673141102936e-12	20	0	0	1	9717
SM00037	CNX	1.00000000000467	4.66673141102936e-12	20	0	0	1	9717
SM00063	FRI	1.00000000000467	4.66673141102936e-12	20	0	0	1	9717
SM00651	Sm	1.00000000000467	4.66673141102936e-12	20	0	0	1	9717
SM01089	Connexin_CCC	1.00000000000467	4.66673141102936e-12	20	0	0	1	9717
SM00547	ZnF_RBZ	1.00000000000467	4.66673141102936e-12	20	0	0	1	9717
SM00253	SOCS	1.00000000000467	4.66673141102936e-12	20	0	0	1	9717
SM01392	MAGE_N	1.00000000000467	4.66673141102936e-12	20	0	0	1	9717
SM00231	FA58C	1.00000000000467	4.66673141102936e-12	20	0	0	1	9717
SM01104	CTD	1.00000000000473	4.73083714130212e-12	2	0	0	1	9717
SM01237	ICA69	1.00000000000473	4.73083714130212e-12	2	0	0	1	9717
SM01230	Gln-synt_C	1.00000000000473	4.73083714130212e-12	2	0	0	1	9717
SM00023	COLIPASE	1.00000000000473	4.73083714130212e-12	2	0	0	1	9717
SM01084	CKS	1.00000000000473	4.73083714130212e-12	2	0	0	1	9717
SM01174	DUF4205	1.00000000000473	4.73083714130212e-12	2	0	0	1	9717
SM01336	zf-PARP	1.00000000000473	4.73083714130212e-12	2	0	0	1	9717
SM01313	Sec3-PIP2_bind	1.00000000000473	4.73083714130212e-12	2	0	0	1	9717
SM00417	H4	1.00000000000473	4.73083714130212e-12	2	0	0	1	9717
SM00685	DM14	1.00000000000473	4.73083714130212e-12	2	0	0	1	9717
SM01047	C1_4	1.00000000000473	4.73083714130212e-12	2	0	0	1	9717
SM00792	Agouti	1.00000000000473	4.73083714130212e-12	2	0	0	1	9717
SM00662	RPOLD	1.00000000000473	4.73083714130212e-12	2	0	0	1	9717
SM00434	TOP4c	1.00000000000473	4.73083714130212e-12	2	0	0	1	9717
SM00967	SpoU_sub_bind	1.00000000000473	4.73083714130212e-12	2	0	0	1	9717
SM00559	Ku78	1.00000000000473	4.73083714130212e-12	2	0	0	1	9717
SM01301	PTPlike_phytase	1.00000000000473	4.73083714130212e-12	2	0	0	1	9717
SM01292	N1221	1.00000000000473	4.73083714130212e-12	2	0	0	1	9717
SM01267	LAG1_DNAbind	1.00000000000473	4.73083714130212e-12	2	0	0	1	9717
SM00512	Skp1	1.00000000000473	4.73083714130212e-12	2	0	0	1	9717
SM00555	GIT	1.00000000000473	4.73083714130212e-12	2	0	0	1	9717
SM01314	SnAC	1.00000000000473	4.73083714130212e-12	2	0	0	1	9717
SM01050	CactinC_cactus	1.00000000000473	4.73083714130212e-12	2	0	0	1	9717
SM00896	FDX-ACB	1.00000000000473	4.73083714130212e-12	2	0	0	1	9717
SM00661	RPOL9	1.00000000000473	4.73083714130212e-12	2	0	0	1	9717
SM01287	Rtt106	1.00000000000473	4.73083714130212e-12	2	0	0	1	9717
SM01352	APCDDC	1.00000000000473	4.73083714130212e-12	2	0	0	1	9717
SM00937	PCRF	1.00000000000473	4.73083714130212e-12	2	0	0	1	9717
SM01182	EF-1_beta_acid	1.00000000000473	4.73083714130212e-12	2	0	0	1	9717
SM00915	Jacalin	1.00000000000473	4.73083714130212e-12	2	0	0	1	9717
SM01122	DBC1	1.00000000000473	4.73083714130212e-12	2	0	0	1	9717
SM01097	CPSase_sm_chain	1.00000000000473	4.73083714130212e-12	2	0	0	1	9717
SM00657	RPOL4c	1.00000000000473	4.73083714130212e-12	2	0	0	1	9717
SM00993	YL1_C	1.00000000000473	4.73083714130212e-12	2	0	0	1	9717
SM00852	MoCF_biosynth	1.00000000000473	4.73083714130212e-12	2	0	0	1	9717
SM00684	DM15	1.00000000000473	4.73083714130212e-12	2	0	0	1	9717
SM01164	DUF1856	1.00000000000473	4.73083714130212e-12	2	0	0	1	9717
SM01003	AlaDh_PNT_N	1.00000000000473	4.73083714130212e-12	2	0	0	1	9717
SM01239	IKKbetaNEMObind	1.00000000000473	4.73083714130212e-12	2	0	0	1	9717
SM00761	HDAC_interact	1.00000000000473	4.73083714130212e-12	2	0	0	1	9717
SM01165	DUF1866	1.00000000000473	4.73083714130212e-12	2	0	0	1	9717
SM00785	AARP2CN	1.00000000000473	4.73083714130212e-12	2	0	0	1	9717
SM01141	DRY_EERY	1.00000000000473	4.73083714130212e-12	2	0	0	1	9717
SM00714	LITAF	1.00000000000473	4.73083714130212e-12	2	0	0	1	9717
SM00550	Zalpha	1.00000000000473	4.73083714130212e-12	2	0	0	1	9717
SM00956	RQC	1.00000000000473	4.73083714130212e-12	2	0	0	1	9717
SM00888	EF1_GNE	1.00000000000473	4.73083714130212e-12	2	0	0	1	9717
SM01177	DUF4210	1.00000000000473	4.73083714130212e-12	2	0	0	1	9717
SM00029	GASTRIN	1.00000000000473	4.73083714130212e-12	2	0	0	1	9717
SM00812	Alpha_L_fucos	1.00000000000473	4.73083714130212e-12	2	0	0	1	9717
SM01423	Milton	1.00000000000473	4.73083714130212e-12	2	0	0	1	9717
SM00080	LIF_OSM	1.00000000000473	4.73083714130212e-12	2	0	0	1	9717
SM01096	CPSase_L_D3	1.00000000000473	4.73083714130212e-12	2	0	0	1	9717
SM01002	AlaDh_PNT_C	1.00000000000473	4.73083714130212e-12	2	0	0	1	9717
SM01142	DSHCT	1.00000000000473	4.73083714130212e-12	2	0	0	1	9717
SM01074	Cdc6_C	1.00000000000473	4.73083714130212e-12	2	0	0	1	9717
SM01288	FISNA	1.00000000000473	4.73083714130212e-12	2	0	0	1	9717
SM00951	QLQ	1.00000000000473	4.73083714130212e-12	2	0	0	1	9717
SM00126	IL6	1.00000000000473	4.73083714130212e-12	2	0	0	1	9717
SM01383	Ribosomal_L2	1.00000000000473	4.73083714130212e-12	2	0	0	1	9717
SM00882	CoA_trans	1.00000000000473	4.73083714130212e-12	2	0	0	1	9717
SM00827	PKS_AT	1.00000000000473	4.73083714130212e-12	2	0	0	1	9717
SM01345	Rapamycin_bind	1.00000000000473	4.73083714130212e-12	2	0	0	1	9717
SM00992	YccV-like	1.00000000000473	4.73083714130212e-12	2	0	0	1	9717
SM01272	LsmAD	1.00000000000473	4.73083714130212e-12	2	0	0	1	9717
SM00433	TOP2c	1.00000000000473	4.73083714130212e-12	2	0	0	1	9717
SM00435	TOPEUc	1.00000000000473	4.73083714130212e-12	2	0	0	1	9717
SM01115	cwf21	1.00000000000473	4.73083714130212e-12	2	0	0	1	9717
SM00494	ChtBD2	1.00000000000473	4.73083714130212e-12	2	0	0	1	9717
SM01269	Lipid_DES	1.00000000000473	4.73083714130212e-12	2	0	0	1	9717
SM00808	FABD	1.00000000000473	4.73083714130212e-12	2	0	0	1	9717
SM00853	MutL_C	1.00000000000473	4.73083714130212e-12	2	0	0	1	9717
SM01011	AMP_N	1.00000000000473	4.73083714130212e-12	2	0	0	1	9717
SM00807	AKAP_110	1.00000000000473	4.73083714130212e-12	2	0	0	1	9717
SM00756	VKc	1.00000000000473	4.73083714130212e-12	2	0	0	1	9717
SM01229	GluR_Homer-bdg	1.00000000000473	4.73083714130212e-12	2	0	0	1	9717
SM00788	Adenylsucc_synt	1.00000000000473	4.73083714130212e-12	2	0	0	1	9717
SM01387	Ribosomal_S15	1.00000000000473	4.73083714130212e-12	2	0	0	1	9717
SM00962	SRP54	1.00000000000473	4.73083714130212e-12	2	0	0	1	9717
SM01092	CO_deh_flav_C	1.00000000000473	4.73083714130212e-12	2	0	0	1	9717
SM00035	CLa	1.00000000000473	4.73083714130212e-12	2	0	0	1	9717
SM01382	Ribosomal_L2_C	1.00000000000473	4.73083714130212e-12	2	0	0	1	9717
SM00469	WIF	1.00000000000473	4.73083714130212e-12	2	0	0	1	9717
SM01362	DUF663	1.00000000000473	4.73083714130212e-12	2	0	0	1	9717
SM01070	CDC37_M	1.00000000000473	4.73083714130212e-12	2	0	0	1	9717
SM01028	Beta-TrCP_D	1.00000000000473	4.73083714130212e-12	2	0	0	1	9717
SM00087	PTH	1.00000000000473	4.73083714130212e-12	2	0	0	1	9717
SM00437	TOP1Ac	1.00000000000473	4.73083714130212e-12	2	0	0	1	9717
SM01233	HABP4_PAI-RBP1	1.00000000000473	4.73083714130212e-12	2	0	0	1	9717
SM01131	DHHA2	1.00000000000473	4.73083714130212e-12	2	0	0	1	9717
SM00466	SRA	1.00000000000473	4.73083714130212e-12	2	0	0	1	9717
SM00551	ZnF_TAZ	1.00000000000473	4.73083714130212e-12	2	0	0	1	9717
SM00444	GYF	1.00000000000473	4.73083714130212e-12	2	0	0	1	9717
SM01072	CDC48_2	1.00000000000473	4.73083714130212e-12	2	0	0	1	9717
SM00638	LPD_N	1.00000000000473	4.73083714130212e-12	2	0	0	1	9717
SM00649	RL11	1.00000000000473	4.73083714130212e-12	2	0	0	1	9717
SM01010	AMPKBI	1.00000000000473	4.73083714130212e-12	2	0	0	1	9717
SM01399	Sybindin	1.00000000000473	4.73083714130212e-12	2	0	0	1	9717
SM01218	FoP_duplication	1.00000000000473	4.73083714130212e-12	2	0	0	1	9717
SM00039	CRF	1.00000000000473	4.73083714130212e-12	2	0	0	1	9717
SM00978	Tim44	1.00000000000473	4.73083714130212e-12	2	0	0	1	9717
SM00188	IL10	1.00000000000473	4.73083714130212e-12	2	0	0	1	9717
SM00873	B3_4	1.00000000000473	4.73083714130212e-12	2	0	0	1	9717
SM01086	ClpB_D2-small	1.00000000000473	4.73083714130212e-12	2	0	0	1	9717
SM00818	Amelogenin	1.00000000000473	4.73083714130212e-12	2	0	0	1	9717
SM01390	Ribosomal_S4	1.00000000000473	4.73083714130212e-12	2	0	0	1	9717
SM01130	DHDPS	1.00000000000473	4.73083714130212e-12	2	0	0	1	9717
SM00190	IL4_13	1.00000000000473	4.73083714130212e-12	2	0	0	1	9717
SM01415	DUF106	1.00000000000473	4.73083714130212e-12	2	0	0	1	9717
SM01179	DUF862	1.00000000000473	4.73083714130212e-12	2	0	0	1	9717
SM00731	SprT	1.00000000000473	4.73083714130212e-12	2	0	0	1	9717
SM00860	SMI1_KNR4	1.00000000000473	4.73083714130212e-12	2	0	0	1	9717
SM00003	NH	1.00000000000473	4.73083714130212e-12	2	0	0	1	9717
SM01370	TAFII55_N	1.00000000000473	4.73083714130212e-12	2	0	0	1	9717
SM01250	KAT11	1.00000000000473	4.73083714130212e-12	2	0	0	1	9717
SM01282	DBB	1.00000000000473	4.73083714130212e-12	2	0	0	1	9717
SM01023	BAF	1.00000000000473	4.73083714130212e-12	2	0	0	1	9717
SM01076	CG-1	1.00000000000473	4.73083714130212e-12	2	0	0	1	9717
SM00223	APPLE	1.00000000000473	4.73083714130212e-12	2	0	0	1	9717
SM00902	Fe_hyd_SSU	1.00000000000473	4.73083714130212e-12	2	0	0	1	9717
SM01194	eRF1_1	1.00000000000473	4.73083714130212e-12	2	0	0	1	9717
SM00525	FES	1.00000000000473	4.73083714130212e-12	2	0	0	1	9717
SM01276	M60-like	1.00000000000473	4.73083714130212e-12	2	0	0	1	9717
SM00436	TOP1Bc	1.00000000000473	4.73083714130212e-12	2	0	0	1	9717
SM00581	PSP	1.00000000000473	4.73083714130212e-12	2	0	0	1	9717
SM00846	Gp_dh_N	1.00000000000473	4.73083714130212e-12	2	0	0	1	9717
SM01293	DUF3402	1.00000000000473	4.73083714130212e-12	2	0	0	1	9717
SM00030	CLb	1.00000000000473	4.73083714130212e-12	2	0	0	1	9717
SM00732	YqgFc	1.00000000000473	4.73083714130212e-12	2	0	0	1	9717
SM00653	eIF2B_5	1.00000000000473	4.73083714130212e-12	2	0	0	1	9717
SM00493	TOPRIM	1.00000000000473	4.73083714130212e-12	2	0	0	1	9717
SM01355	AP3B1_C	1.00000000000473	4.73083714130212e-12	2	0	0	1	9717
SM01421	DUF3480	1.00000000000473	4.73083714130212e-12	2	0	0	1	9717
SM00535	RIBOc	1.00000000000473	4.73083714130212e-12	2	0	0	1	9717
SM00777	Mad3_BUB1_I	1.00000000000473	4.73083714130212e-12	2	0	0	1	9717
SM01281	Med12	1.00000000000473	4.73083714130212e-12	2	0	0	1	9717
SM00881	CoA_binding	1.00000000000473	4.73083714130212e-12	2	0	0	1	9717
SM00635	BID_2	1.00000000000473	4.73083714130212e-12	2	0	0	1	9717
SM00825	PKS_KS	1.00000000000473	4.73083714130212e-12	2	0	0	1	9717
SM01283	Costars	1.00000000000473	4.73083714130212e-12	2	0	0	1	9717
SM01154	DUF1704	1.00000000000473	4.73083714130212e-12	2	0	0	1	9717
SM00839	ELFV_dehydrog	1.00000000000473	4.73083714130212e-12	2	0	0	1	9717
SM01319	Tankyrase_bdg_C	1.00000000000473	4.73083714130212e-12	2	0	0	1	9717
SM00705	THEG	1.00000000000473	4.73083714130212e-12	2	0	0	1	9717
SM00883	Cpn10	1.00000000000473	4.73083714130212e-12	2	0	0	1	9717
SM00804	TAP_C	1.00000000000473	4.73083714130212e-12	2	0	0	1	9717
SM01410	DIM1	1.00000000000473	4.73083714130212e-12	2	0	0	1	9717
SM00193	PTN	1.00000000000473	4.73083714130212e-12	2	0	0	1	9717
SM00893	ETF	1.00000000000473	4.73083714130212e-12	2	0	0	1	9717
SM00500	SFM	1.00000000000473	4.73083714130212e-12	2	0	0	1	9717
SM01268	BTD	1.00000000000473	4.73083714130212e-12	2	0	0	1	9717
SM01144	DTW	1.00000000000473	4.73083714130212e-12	2	0	0	1	9717
SM01008	Ald_Xan_dh_C	1.00000000000473	4.73083714130212e-12	2	0	0	1	9717
SM01374	Ribosomal_L14	1.00000000000473	4.73083714130212e-12	2	0	0	1	9717
SM00963	SRP54_N	1.00000000000473	4.73083714130212e-12	2	0	0	1	9717
SM00449	SPRY	1.00000000000474	4.73623570917958e-12	87	0	0	1	9717
SM00120	HX	1.00000000000476	4.75806720412475e-12	23	0	0	1	9717
SM00240	FHA	1.00000000000476	4.75806720412475e-12	23	0	0	1	9717
SM00210	TSPN	1.00000000000476	4.75806720412475e-12	23	0	0	1	9717
SM00208	TNFR	1.00000000000476	4.75806720412475e-12	23	0	0	1	9717
SM00667	LisH	1.00000000000476	4.75806720412475e-12	23	0	0	1	9717
SM00471	HDc	1.00000000000476	4.75806720412475e-12	23	0	0	1	9717
SM00176	RAN	1.00000000000525	5.25098194092966e-12	85	0	0	1	9717
SM00013	LRRNT	1.00000000000555	5.55441369981535e-12	54	0	0	1	9717
SM00968	SMC_hinge	1.0000000000064	6.40260750233573e-12	6	0	0	1	9717
SM01132	DIL	1.0000000000064	6.40260750233573e-12	6	0	0	1	9717
SM00021	DAX	1.0000000000064	6.40260750233573e-12	6	0	0	1	9717
SM00441	FF	1.0000000000064	6.40260750233573e-12	6	0	0	1	9717
SM01419	Thiol-ester_cl	1.0000000000064	6.40260750233573e-12	6	0	0	1	9717
SM00822	PKS_KR	1.0000000000064	6.40260750233573e-12	6	0	0	1	9717
SM00648	SWAP	1.0000000000064	6.40260750233573e-12	6	0	0	1	9717
SM00739	KOW	1.0000000000064	6.40260750233573e-12	6	0	0	1	9717
SM01343	FATC	1.0000000000064	6.40260750233573e-12	6	0	0	1	9717
SM00665	B561	1.0000000000064	6.40260750233573e-12	6	0	0	1	9717
SM00144	PI3K_rbd	1.0000000000064	6.40260750233573e-12	6	0	0	1	9717
SM00428	H3	1.0000000000064	6.40260750233573e-12	6	0	0	1	9717
SM01241	Integrin_b_cyt	1.0000000000064	6.40260750233573e-12	6	0	0	1	9717
SM00952	RAP	1.0000000000064	6.40260750233573e-12	6	0	0	1	9717
SM00257	LysM	1.0000000000064	6.40260750233573e-12	6	0	0	1	9717
SM00907	GDNF	1.0000000000064	6.40260750233573e-12	6	0	0	1	9717
SM00741	SapB	1.0000000000064	6.40260750233573e-12	6	0	0	1	9717
SM00048	DEFSN	1.0000000000064	6.40260750233573e-12	6	0	0	1	9717
SM00394	RIIa	1.0000000000064	6.40260750233573e-12	6	0	0	1	9717
SM00111	C4	1.0000000000064	6.40260750233573e-12	6	0	0	1	9717
SM01184	efhand_Ca_insen	1.0000000000064	6.40260750233573e-12	6	0	0	1	9717
SM01114	CXC	1.0000000000064	6.40260750233573e-12	6	0	0	1	9717
SM00477	NUC	1.0000000000064	6.40260750233573e-12	6	0	0	1	9717
SM00384	AT_hook	1.0000000000064	6.40260750233573e-12	6	0	0	1	9717
SM00243	GAS2	1.0000000000064	6.40260750233573e-12	6	0	0	1	9717
SM00811	Alpha_kinase	1.0000000000064	6.40260750233573e-12	6	0	0	1	9717
SM00155	PLDc	1.0000000000064	6.40260750233573e-12	6	0	0	1	9717
SM00552	ADEAMc	1.0000000000064	6.40260750233573e-12	6	0	0	1	9717
SM00070	GLUCA	1.0000000000064	6.40260750233573e-12	6	0	0	1	9717
SM00757	CRA	1.0000000000064	6.40260750233573e-12	6	0	0	1	9717
SM00670	PINc	1.0000000000064	6.40260750233573e-12	6	0	0	1	9717
SM00603	LCCL	1.0000000000064	6.40260750233573e-12	6	0	0	1	9717
SM00415	HSF	1.0000000000064	6.40260750233573e-12	6	0	0	1	9717
SM01137	DMAP_binding	1.0000000000064	6.40260750233573e-12	6	0	0	1	9717
SM01420	TRP_2	1.0000000000064	6.40260750233573e-12	6	0	0	1	9717
SM00022	PLAc	1.0000000000064	6.40260750233573e-12	6	0	0	1	9717
SM01198	FBA	1.0000000000064	6.40260750233573e-12	6	0	0	1	9717
SM00879	Brix	1.0000000000064	6.40260750233573e-12	6	0	0	1	9717
SM00302	GED	1.0000000000064	6.40260750233573e-12	6	0	0	1	9717
SM00099	btg1	1.0000000000064	6.40260750233573e-12	6	0	0	1	9717
SM00440	ZnF_C2C2	1.0000000000064	6.40260750233573e-12	6	0	0	1	9717
SM00892	Endonuclease_NS	1.0000000000064	6.40260750233573e-12	6	0	0	1	9717
SM00464	LON	1.0000000000064	6.40260750233573e-12	6	0	0	1	9717
SM00548	IRO	1.0000000000064	6.40260750233573e-12	6	0	0	1	9717
SM01127	DDHD	1.0000000000064	6.40260750233573e-12	6	0	0	1	9717
SM00775	LNS2	1.0000000000064	6.40260750233573e-12	6	0	0	1	9717
SM00544	MA3	1.0000000000064	6.40260750233573e-12	6	0	0	1	9717
SM00863	tRNA_SAD	1.0000000000064	6.40260750233573e-12	6	0	0	1	9717
SM00920	MHC_II_alpha	1.0000000000064	6.40260750233573e-12	6	0	0	1	9717
SM00710	PbH1	1.0000000000064	6.40260750233573e-12	6	0	0	1	9717
SM00592	BRK	1.0000000000064	6.40260750233573e-12	6	0	0	1	9717
SM00406	IGv	1.00000000000647	6.46875348425668e-12	75	0	0	1	9717
SM00364	LRR_BAC	1.00000000000652	6.51634041864968e-12	53	0	0	1	9717
SM00032	CCP	1.00000000000652	6.51634041864968e-12	53	0	0	1	9717
SM00248	ANK	1.0000000000075	7.49829018320547e-12	230	0	0	1	9717
SM00178	SAR	1.00000000000761	7.60622077475293e-12	29	0	0	1	9717
SM00064	FYVE	1.00000000000761	7.60622077475293e-12	29	0	0	1	9717
SM00150	SPEC	1.00000000000761	7.60622077475293e-12	29	0	0	1	9717
SM00235	ZnMc	1.00000000000761	7.60622077475293e-12	29	0	0	1	9717
SM00314	RA	1.00000000000761	7.60622077475293e-12	29	0	0	1	9717
SM00558	JmjC	1.00000000000761	7.60622077475293e-12	29	0	0	1	9717
SM00451	ZnF_U1	1.00000000000761	7.60622077475293e-12	29	0	0	1	9717
SM00165	UBA	1.00000000000761	7.60622077475293e-12	29	0	0	1	9717
SM01381	7TM_GPCR_Srsx	1.00000000000769	7.68825107744231e-12	112	0	0	1	9717
SM00028	TPR	1.00000000000769	7.68859975686098e-12	126	0	0	1	9717
SM00875	BACK	1.00000000000806	8.06262088343113e-12	59	0	0	1	9717
SM00225	BTB	1.00000000000831	8.30846502708482e-12	174	0	0	1	9717
SM00612	Kelch	1.0000000000084	8.39884412018321e-12	57	0	0	1	9717
SM00349	KRAB	1.00000000000871	8.70997718394051e-12	361	0	0	1	9717
SM00212	UBCc	1.0000000000094	9.39884888667697e-12	40	0	0	1	9717
SM00462	PTB	1.0000000000094	9.39884888667697e-12	40	0	0	1	9717
SM00282	LamG	1.0000000000094	9.39884888667697e-12	40	0	0	1	9717
SM00173	RAS	1.00000000000958	9.57648370325526e-12	134	0	0	1	9717
SM00280	KAZAL	1.00000000001015	1.01497911637882e-11	33	0	0	1	9717
SM00228	PDZ	1.00000000001112	1.11166666150186e-11	143	0	0	1	9717
SM00414	H2A	1.00000000001173	1.17336544126767e-11	19	0	0	1	9717
SM00343	ZnF_C2HC	1.00000000001173	1.17336544126767e-11	19	0	0	1	9717
SM00097	WNT1	1.00000000001173	1.17336544126767e-11	19	0	0	1	9717
SM00191	Int_alpha	1.00000000001173	1.17336544126767e-11	19	0	0	1	9717
SM00180	EGF_Lam	1.00000000001198	1.19834650015582e-11	35	0	0	1	9717
SM00315	RGS	1.00000000001198	1.19834650015582e-11	35	0	0	1	9717
SM00195	DSPc	1.00000000001198	1.19834650015582e-11	35	0	0	1	9717
SM00015	IQ	1.00000000001294	1.29399720105727e-11	50	0	0	1	9717
SM00442	FGF	1.00000000001347	1.34693016289045e-11	22	0	0	1	9717
SM00513	SAP	1.00000000001347	1.34693016289045e-11	22	0	0	1	9717
SM00361	RRM_1	1.00000000001347	1.34693016289045e-11	22	0	0	1	9717
SM00864	Tubulin	1.00000000001347	1.34693016289045e-11	22	0	0	1	9717
SM00397	t_SNARE	1.00000000001347	1.34693016289045e-11	22	0	0	1	9717
SM00055	FCH	1.00000000001347	1.34693016289045e-11	22	0	0	1	9717
SM01289	PYRIN	1.00000000001347	1.34693016289045e-11	22	0	0	1	9717
SM00325	RhoGEF	1.00000000001437	1.43653066872473e-11	68	0	0	1	9717
SM00327	VWA	1.00000000001499	1.49947042629717e-11	70	0	0	1	9717
SM00060	FN3	1.00000000001535	1.53457697937842e-11	149	0	0	1	9717
SM00175	RAB	1.00000000001535	1.53457697937842e-11	149	0	0	1	9717
SM00589	PRY	1.00000000001536	1.53630545784988e-11	46	0	0	1	9717
SM00356	ZnF_C3H1	1.00000000001536	1.53630545784988e-11	46	0	0	1	9717
SM00399	ZnF_C4	1.00000000001536	1.53630545784988e-11	46	0	0	1	9717
SM00355	ZnF_C2H2	1.00000000001543	1.54301710297844e-11	727	0	0	1	9717
SM01340	DNA_mis_repair	1.0000000000156	1.559669543039e-11	4	0	0	1	9717
SM00644	Ami_2	1.0000000000156	1.559669543039e-11	4	0	0	1	9717
SM01153	DUF1693	1.0000000000156	1.559669543039e-11	4	0	0	1	9717
SM00140	NGF	1.0000000000156	1.559669543039e-11	4	0	0	1	9717
SM00973	Sec63	1.0000000000156	1.559669543039e-11	4	0	0	1	9717
SM00313	PXA	1.0000000000156	1.559669543039e-11	4	0	0	1	9717
SM00694	DysFC	1.0000000000156	1.559669543039e-11	4	0	0	1	9717
SM00554	FAS1	1.0000000000156	1.559669543039e-11	4	0	0	1	9717
SM00889	EFG_IV	1.0000000000156	1.559669543039e-11	4	0	0	1	9717
SM00363	S4	1.0000000000156	1.559669543039e-11	4	0	0	1	9717
SM01053	CaMBD	1.0000000000156	1.559669543039e-11	4	0	0	1	9717
SM00227	NEBU	1.0000000000156	1.559669543039e-11	4	0	0	1	9717
SM00098	alkPPc	1.0000000000156	1.559669543039e-11	4	0	0	1	9717
SM01007	Aldolase_II	1.0000000000156	1.559669543039e-11	4	0	0	1	9717
SM00392	PROF	1.0000000000156	1.559669543039e-11	4	0	0	1	9717
SM00331	PP2C_SIG	1.0000000000156	1.559669543039e-11	4	0	0	1	9717
SM00307	ILWEQ	1.0000000000156	1.559669543039e-11	4	0	0	1	9717
SM01240	IMPDH	1.0000000000156	1.559669543039e-11	4	0	0	1	9717
SM00573	HSA	1.0000000000156	1.559669543039e-11	4	0	0	1	9717
SM01339	NODP	1.0000000000156	1.559669543039e-11	4	0	0	1	9717
SM00517	PolyA	1.0000000000156	1.559669543039e-11	4	0	0	1	9717
SM00723	AMOP	1.0000000000156	1.559669543039e-11	4	0	0	1	9717
SM00733	Mterf	1.0000000000156	1.559669543039e-11	4	0	0	1	9717
SM00560	LamGL	1.0000000000156	1.559669543039e-11	4	0	0	1	9717
SM00473	PAN_AP	1.0000000000156	1.559669543039e-11	4	0	0	1	9717
SM00564	PQQ	1.0000000000156	1.559669543039e-11	4	0	0	1	9717
SM00197	SAA	1.0000000000156	1.559669543039e-11	4	0	0	1	9717
SM00955	RNB	1.0000000000156	1.559669543039e-11	4	0	0	1	9717
SM00057	FIMAC	1.0000000000156	1.559669543039e-11	4	0	0	1	9717
SM00737	ML	1.0000000000156	1.559669543039e-11	4	0	0	1	9717
SM00051	DSL	1.0000000000156	1.559669543039e-11	4	0	0	1	9717
SM00359	PUA	1.0000000000156	1.559669543039e-11	4	0	0	1	9717
SM00701	PGRP	1.0000000000156	1.559669543039e-11	4	0	0	1	9717
SM00103	ALBUMIN	1.0000000000156	1.559669543039e-11	4	0	0	1	9717
SM01027	Beta-Casp	1.0000000000156	1.559669543039e-11	4	0	0	1	9717
SM00486	POLBc	1.0000000000156	1.559669543039e-11	4	0	0	1	9717
SM00025	Pumilio	1.0000000000156	1.559669543039e-11	4	0	0	1	9717
SM00664	DoH	1.0000000000156	1.559669543039e-11	4	0	0	1	9717
SM00632	Aamy_C	1.0000000000156	1.559669543039e-11	4	0	0	1	9717
SM01263	Leuk-A4-hydro_C	1.0000000000156	1.559669543039e-11	4	0	0	1	9717
SM01020	B2-adapt-app_C	1.0000000000156	1.559669543039e-11	4	0	0	1	9717
SM00753	PAM	1.0000000000156	1.559669543039e-11	4	0	0	1	9717
SM01338	NOD	1.0000000000156	1.559669543039e-11	4	0	0	1	9717
SM01249	KASH	1.0000000000156	1.559669543039e-11	4	0	0	1	9717
SM00426	TEA	1.0000000000156	1.559669543039e-11	4	0	0	1	9717
SM00491	HELICc2	1.0000000000156	1.559669543039e-11	4	0	0	1	9717
SM01225	G8	1.0000000000156	1.559669543039e-11	4	0	0	1	9717
SM00693	DysFN	1.0000000000156	1.559669543039e-11	4	0	0	1	9717
SM01398	Cornichon	1.0000000000156	1.559669543039e-11	4	0	0	1	9717
SM00682	G2F	1.0000000000156	1.559669543039e-11	4	0	0	1	9717
SM00152	THY	1.0000000000156	1.559669543039e-11	4	0	0	1	9717
SM01417	Solute_trans_a	1.0000000000156	1.559669543039e-11	4	0	0	1	9717
SM00058	FN1	1.0000000000156	1.559669543039e-11	4	0	0	1	9717
SM00679	CTNS	1.0000000000156	1.559669543039e-11	4	0	0	1	9717
SM01193	Enolase_N	1.0000000000156	1.559669543039e-11	4	0	0	1	9717
SM01277	MAGUK_N_PEST	1.0000000000156	1.559669543039e-11	4	0	0	1	9717
SM00206	NTR	1.0000000000156	1.559669543039e-11	4	0	0	1	9717
SM00483	POLXc	1.0000000000156	1.559669543039e-11	4	0	0	1	9717
SM01279	Matrilin_ccoil	1.0000000000156	1.559669543039e-11	4	0	0	1	9717
SM00476	DNaseIc	1.0000000000156	1.559669543039e-11	4	0	0	1	9717
SM00520	BASIC	1.0000000000156	1.559669543039e-11	4	0	0	1	9717
SM01192	Enolase_C	1.0000000000156	1.559669543039e-11	4	0	0	1	9717
SM01366	c-clamp	1.0000000000156	1.559669543039e-11	4	0	0	1	9717
SM01178	DUF4217	1.0000000000156	1.559669543039e-11	4	0	0	1	9717
SM01246	Josephin	1.0000000000156	1.559669543039e-11	4	0	0	1	9717
SM00488	DEXDc2	1.0000000000156	1.559669543039e-11	4	0	0	1	9717
SM00181	EGF	1.00000000001561	1.56127714923127e-11	184	0	0	1	9717
SM00132	LIM	1.00000000001589	1.58918260495522e-11	71	0	0	1	9717
SM00145	PI3Ka	1.00000000001683	1.68288186120844e-11	9	0	0	1	9717
SM00387	HATPase_c	1.00000000001683	1.68288186120844e-11	9	0	0	1	9717
SM00274	FOLN	1.00000000001683	1.68288186120844e-11	9	0	0	1	9717
SM00018	PD	1.00000000001683	1.68288186120844e-11	9	0	0	1	9717
SM00337	BCL	1.00000000001683	1.68288186120844e-11	9	0	0	1	9717
SM00503	SynN	1.00000000001683	1.68288186120844e-11	9	0	0	1	9717
SM00273	ENTH	1.00000000001683	1.68288186120844e-11	9	0	0	1	9717
SM00506	A1pp	1.00000000001683	1.68288186120844e-11	9	0	0	1	9717
SM00809	Alpha_adaptinC2	1.00000000001683	1.68288186120844e-11	9	0	0	1	9717
SM00921	MHC_II_beta	1.00000000001683	1.68288186120844e-11	9	0	0	1	9717
SM01039	BRICHOS	1.00000000001683	1.68288186120844e-11	9	0	0	1	9717
SM00348	IRF	1.00000000001683	1.68288186120844e-11	9	0	0	1	9717
SM00949	PAZ	1.00000000001683	1.68288186120844e-11	9	0	0	1	9717
SM00727	STI1	1.00000000001683	1.68288186120844e-11	9	0	0	1	9717
SM01026	Beach	1.00000000001683	1.68288186120844e-11	9	0	0	1	9717
SM00668	CTLH	1.00000000001683	1.68288186120844e-11	9	0	0	1	9717
SM01139	Drf_FH3	1.00000000001683	1.68288186120844e-11	9	0	0	1	9717
SM00537	DCX	1.00000000001683	1.68288186120844e-11	9	0	0	1	9717
SM01025	BEN	1.00000000001683	1.68288186120844e-11	9	0	0	1	9717
SM00107	BTK	1.00000000001683	1.68288186120844e-11	9	0	0	1	9717
SM00316	S1	1.00000000001683	1.68288186120844e-11	9	0	0	1	9717
SM00288	VHS	1.00000000001683	1.68288186120844e-11	9	0	0	1	9717
SM00329	BPI2	1.00000000001683	1.68288186120844e-11	9	0	0	1	9717
SM00557	IG_FLMN	1.00000000001683	1.68288186120844e-11	9	0	0	1	9717
SM00511	ORANGE	1.00000000001683	1.68288186120844e-11	9	0	0	1	9717
SM00166	UBX	1.00000000001683	1.68288186120844e-11	9	0	0	1	9717
SM00393	R3H	1.00000000001683	1.68288186120844e-11	9	0	0	1	9717
SM00350	MCM	1.00000000001683	1.68288186120844e-11	9	0	0	1	9717
SM00561	MBT	1.00000000001683	1.68288186120844e-11	9	0	0	1	9717
SM00139	MyTH4	1.00000000001683	1.68288186120844e-11	9	0	0	1	9717
SM00218	ZU5	1.00000000001683	1.68288186120844e-11	9	0	0	1	9717
SM01140	Drf_GBD	1.00000000001683	1.68288186120844e-11	9	0	0	1	9717
SM00220	S_TKc	1.00000000001719	1.71882091892783e-11	348	0	0	1	9717
SM00194	PTPc	1.00000000001833	1.83330789785274e-11	37	0	0	1	9717
SM00317	SET	1.00000000001833	1.83330789785274e-11	37	0	0	1	9717
SM00164	TBC	1.0000000000185	1.84995881460925e-11	49	0	0	1	9717
SM00133	S_TK_X	1.0000000000185	1.84995881460925e-11	49	0	0	1	9717
SM00339	FH	1.0000000000185	1.84995881460925e-11	49	0	0	1	9717
SM01148	DUF1220	1.00000000001932	1.93193087395793e-11	13	0	0	1	9717
SM00284	OLF	1.00000000001932	1.93193087395793e-11	13	0	0	1	9717
SM00115	CASc	1.00000000001932	1.93193087395793e-11	13	0	0	1	9717
SM00645	Pept_C1	1.00000000001932	1.93193087395793e-11	13	0	0	1	9717
SM00479	EXOIII	1.00000000001932	1.93193087395793e-11	13	0	0	1	9717
SM01189	ELM2	1.00000000001932	1.93193087395793e-11	13	0	0	1	9717
SM00156	PP2Ac	1.00000000001932	1.93193087395793e-11	13	0	0	1	9717
SM00116	CBS	1.00000000001932	1.93193087395793e-11	13	0	0	1	9717
SM00335	ANX	1.00000000001932	1.93193087395793e-11	13	0	0	1	9717
SM01195	FA	1.00000000001932	1.93193087395793e-11	13	0	0	1	9717
SM00217	WAP	1.00000000001932	1.93193087395793e-11	13	0	0	1	9717
SM00234	START	1.00000000001932	1.93193087395793e-11	13	0	0	1	9717
SM00059	FN2	1.00000000001932	1.93193087395793e-11	13	0	0	1	9717
SM00526	H15	1.00000000001932	1.93193087395793e-11	13	0	0	1	9717
SM00179	EGF_CA	1.00000000002028	2.02750888994574e-11	121	0	0	1	9717
SM00320	WD40	1.00000000002193	2.19326778960749e-11	262	0	0	1	9717
SM00177	ARF	1.00000000002243	2.24315427344024e-11	43	0	0	1	9717
SM00146	PI3Kc	1.00000000002369	2.36852651207264e-11	16	0	0	1	9717
SM00702	P4Hc	1.00000000002369	2.36852651207264e-11	16	0	0	1	9717
SM00207	TNF	1.00000000002369	2.36852651207264e-11	16	0	0	1	9717
SM00088	PINT	1.00000000002369	2.36852651207264e-11	16	0	0	1	9717
SM00829	PKS_ER	1.00000000002369	2.36852651207264e-11	16	0	0	1	9717
SM00291	ZnF_ZZ	1.00000000002369	2.36852651207264e-11	16	0	0	1	9717
SM00136	LamNT	1.00000000002369	2.36852651207264e-11	16	0	0	1	9717
SM00801	dDENN	1.00000000002369	2.36852651207264e-11	16	0	0	1	9717
SM00222	Sec7	1.00000000002369	2.36852651207264e-11	16	0	0	1	9717
SM00568	GRAM	1.00000000002369	2.36852651207264e-11	16	0	0	1	9717
SM00831	Cation_ATPase_N	1.00000000002369	2.36852651207264e-11	16	0	0	1	9717
SM00043	CY	1.00000000002369	2.36852651207264e-11	16	0	0	1	9717
SM00427	H2B	1.00000000002369	2.36852651207264e-11	16	0	0	1	9717
SM00913	IBN_N	1.00000000002369	2.36852651207264e-11	16	0	0	1	9717
SM00130	KR	1.00000000002369	2.36852651207264e-11	16	0	0	1	9717
SM00726	UIM	1.00000000002369	2.36852651207264e-11	16	0	0	1	9717
SM00563	PlsC	1.00000000002369	2.36852651207264e-11	16	0	0	1	9717
SM00799	DENN	1.00000000002369	2.36852651207264e-11	16	0	0	1	9717
SM00275	G_alpha	1.00000000002369	2.36852651207264e-11	16	0	0	1	9717
SM00352	POU	1.00000000002369	2.36852651207264e-11	16	0	0	1	9717
SM00490	HELICc	1.00000000002574	2.57429893374406e-11	107	0	0	1	9717
SM00209	TSP1	1.00000000002702	2.70211023695177e-11	64	0	0	1	9717
SM00324	RhoGAP	1.00000000002702	2.70211023695177e-11	64	0	0	1	9717
