TermID	Term	Enrichment	logP	Genes in Term	Target Genes in Term	Fraction of Targets in Term	Total Target Genes	Total Genes	Entrez Gene IDs	Gene Symbols
SM01004	ALAD	1	0	1	0	0	0	9717
SM00663	RPOLA_N	1	0	3	0	0	0	9717
SM00300	ChSh	1	0	3	0	0	0	9717
SM00582	RPR	1	0	7	0	0	0	9717
SM00353	HLH	1	0	111	0	0	0	9717
SM00896	FDX-ACB	1	0	2	0	0	0	9717
SM00756	VKc	1	0	2	0	0	0	9717
SM01258	KRBA1	1	0	1	0	0	0	9717
SM00220	S_TKc	1	0	348	0	0	0	9717
SM00658	RPOL8c	1	0	1	0	0	0	9717
SM00636	Glyco_18	1	0	7	0	0	0	9717
SM00121	IB	1	0	18	0	0	0	9717
SM00268	ACTIN	1	0	31	0	0	0	9717
SM00088	PINT	1	0	16	0	0	0	9717
SM00414	H2A	1	0	19	0	0	0	9717
SM00023	COLIPASE	1	0	2	0	0	0	9717
SM00467	GS	1	0	7	0	0	0	9717
SM00535	RIBOc	1	0	2	0	0	0	9717
SM00130	KR	1	0	16	0	0	0	9717
SM00799	DENN	1	0	16	0	0	0	9717
SM01349	TOG	1	0	10	0	0	0	9717
SM00384	AT_hook	1	0	6	0	0	0	9717
SM00057	FIMAC	1	0	4	0	0	0	9717
SM00997	AdoHcyase_NAD	1	0	3	0	0	0	9717
SM00005	DEATH	1	0	27	0	0	0	9717
SM00050	DISIN	1	0	21	0	0	0	9717
SM00502	BBC	1	0	15	0	0	0	9717
SM01352	APCDDC	1	0	2	0	0	0	9717
SM00439	BAH	1	0	11	0	0	0	9717
SM00043	CY	1	0	16	0	0	0	9717
SM01267	LAG1_DNAbind	1	0	2	0	0	0	9717
SM01135	DIRP	1	0	1	0	0	0	9717
SM00224	GGL	1	0	17	0	0	0	9717
SM00710	PbH1	1	0	6	0	0	0	9717
SM01246	Josephin	1	0	4	0	0	0	9717
SM00551	ZnF_TAZ	1	0	2	0	0	0	9717
SM00327	VWA	1	0	70	0	0	0	9717
SM01204	FIST_C	1	0	1	0	0	0	9717
SM01423	Milton	1	0	2	0	0	0	9717
SM00157	PRP	1	0	1	0	0	0	9717
SM00916	L51_S25_CI-B8	1	0	3	0	0	0	9717
SM00076	IFabd	1	0	17	0	0	0	9717
SM00852	MoCF_biosynth	1	0	2	0	0	0	9717
SM01306	RFX5_DNA_bdg	1	0	1	0	0	0	9717
SM01052	CAP_GLY	1	0	10	0	0	0	9717
SM00071	Galanin	1	0	1	0	0	0	9717
SM00508	PostSET	1	0	11	0	0	0	9717
SM01331	DUF3635	1	0	1	0	0	0	9717
SM00112	CA	1	0	113	0	0	0	9717
SM00561	MBT	1	0	9	0	0	0	9717
SM00235	ZnMc	1	0	29	0	0	0	9717
SM01219	Frataxin_Cyay	1	0	1	0	0	0	9717
SM00553	SEP	1	0	3	0	0	0	9717
SM00336	BBOX	1	0	72	0	0	0	9717
SM00727	STI1	1	0	9	0	0	0	9717
SM00494	ChtBD2	1	0	2	0	0	0	9717
SM00033	CH	1	0	66	0	0	0	9717
SM00477	NUC	1	0	6	0	0	0	9717
SM00232	JAB_MPN	1	0	11	0	0	0	9717
SM00167	VPS9	1	0	8	0	0	0	9717
SM00093	SERPIN	1	0	36	0	0	0	9717
SM00360	RRM	1	0	202	0	0	0	9717
SM00670	PINc	1	0	6	0	0	0	9717
SM01300	PEHE	1	0	3	0	0	0	9717
SM00201	SO	1	0	7	0	0	0	9717
SM01361	A2M_recep	1	0	7	0	0	0	9717
SM00129	KISc	1	0	44	0	0	0	9717
SM01223	FTO_NTD	1	0	1	0	0	0	9717
SM01022	ASCH	1	0	3	0	0	0	9717
SM00863	tRNA_SAD	1	0	6	0	0	0	9717
SM00872	Alpha-mann_mid	1	0	5	0	0	0	9717
SM01190	EMP24_GP25L	1	0	10	0	0	0	9717
SM00753	PAM	1	0	4	0	0	0	9717
SM00285	PBD	1	0	15	0	0	0	9717
SM00692	DM3	1	0	12	0	0	0	9717
SM00152	THY	1	0	4	0	0	0	9717
SM00090	RIO	1	0	3	0	0	0	9717
SM01077	Cg6151-P	1	0	1	0	0	0	9717
SM01313	Sec3-PIP2_bind	1	0	2	0	0	0	9717
SM00734	ZnF_Rad18	1	0	5	0	0	0	9717
SM00038	COLFI	1	0	11	0	0	0	9717
SM00513	SAP	1	0	22	0	0	0	9717
SM00757	CRA	1	0	6	0	0	0	9717
SM00853	MutL_C	1	0	2	0	0	0	9717
SM00476	DNaseIc	1	0	4	0	0	0	9717
SM00441	FF	1	0	6	0	0	0	9717
SM00870	Asparaginase	1	0	1	0	0	0	9717
SM01173	DUF4187	1	0	1	0	0	0	9717
SM00190	IL4_13	1	0	2	0	0	0	9717
SM00545	JmjN	1	0	10	0	0	0	9717
SM00748	HEPN	1	0	1	0	0	0	9717
SM01269	Lipid_DES	1	0	2	0	0	0	9717
SM00315	RGS	1	0	35	0	0	0	9717
SM00335	ANX	1	0	13	0	0	0	9717
SM00145	PI3Ka	1	0	9	0	0	0	9717
SM00934	OMPdecase	1	0	1	0	0	0	9717
SM00521	CBF	1	0	1	0	0	0	9717
SM01169	DUF1943	1	0	1	0	0	0	9717
SM00808	FABD	1	0	2	0	0	0	9717
SM00664	DoH	1	0	4	0	0	0	9717
SM01199	FDF	1	0	3	0	0	0	9717
SM00303	GPS	1	0	30	0	0	0	9717
SM01158	DUF1741	1	0	1	0	0	0	9717
SM01382	Ribosomal_L2_C	1	0	2	0	0	0	9717
SM00709	Zpr1	1	0	1	0	0	0	9717
SM00274	FOLN	1	0	9	0	0	0	9717
SM01348	Nbs1_C	1	0	1	0	0	0	9717
SM00950	Piwi	1	0	8	0	0	0	9717
SM00275	G_alpha	1	0	16	0	0	0	9717
SM00881	CoA_binding	1	0	2	0	0	0	9717
SM00188	IL10	1	0	2	0	0	0	9717
SM00086	PAC	1	0	17	0	0	0	9717
SM00160	RanBD	1	0	11	0	0	0	9717
SM00668	CTLH	1	0	9	0	0	0	9717
SM01186	eIF3_N	1	0	1	0	0	0	9717
SM00473	PAN_AP	1	0	4	0	0	0	9717
SM01229	GluR_Homer-bdg	1	0	2	0	0	0	9717
SM00237	Calx_beta	1	0	8	0	0	0	9717
SM00807	AKAP_110	1	0	2	0	0	0	9717
SM00739	KOW	1	0	6	0	0	0	9717
SM00717	SANT	1	0	42	0	0	0	9717
SM01370	TAFII55_N	1	0	2	0	0	0	9717
SM00113	CALCITONIN	1	0	3	0	0	0	9717
SM01084	CKS	1	0	2	0	0	0	9717
SM01386	Ribosomal_S13_N	1	0	1	0	0	0	9717
SM00426	TEA	1	0	4	0	0	0	9717
SM00185	ARM	1	0	39	0	0	0	9717
SM01375	Dynein_light	1	0	3	0	0	0	9717
SM00097	WNT1	1	0	19	0	0	0	9717
SM01102	CRM1_C	1	0	1	0	0	0	9717
SM00918	Lig_chan-Glu_bd	1	0	18	0	0	0	9717
SM00785	AARP2CN	1	0	2	0	0	0	9717
SM00801	dDENN	1	0	16	0	0	0	9717
SM00732	YqgFc	1	0	2	0	0	0	9717
SM00240	FHA	1	0	23	0	0	0	9717
SM01025	BEN	1	0	9	0	0	0	9717
SM00359	PUA	1	0	4	0	0	0	9717
SM00575	ZnF_PMZ	1	0	1	0	0	0	9717
SM00892	Endonuclease_NS	1	0	6	0	0	0	9717
SM00035	CLa	1	0	2	0	0	0	9717
SM01330	Frizzled	1	0	11	0	0	0	9717
SM00762	Cog4	1	0	1	0	0	0	9717
SM01400	Pribosyltran_N	1	0	5	0	0	0	9717
SM00879	Brix	1	0	6	0	0	0	9717
SM00507	HNHc	1	0	1	0	0	0	9717
SM01398	Cornichon	1	0	4	0	0	0	9717
SM01076	CG-1	1	0	2	0	0	0	9717
SM00277	GRAN	1	0	1	0	0	0	9717
SM00162	SAPA	1	0	3	0	0	0	9717
SM00711	TDU	1	0	3	0	0	0	9717
SM01184	efhand_Ca_insen	1	0	6	0	0	0	9717
SM00415	HSF	1	0	6	0	0	0	9717
SM01073	CDC48_N	1	0	3	0	0	0	9717
SM00645	Pept_C1	1	0	13	0	0	0	9717
SM00343	ZnF_C2HC	1	0	19	0	0	0	9717
SM00223	APPLE	1	0	2	0	0	0	9717
SM00608	ACR	1	0	27	0	0	0	9717
SM00199	SCY	1	0	42	0	0	0	9717
SM00921	MHC_II_beta	1	0	9	0	0	0	9717
SM00838	EFG_C	1	0	5	0	0	0	9717
SM01326	PTEN_C2	1	0	8	0	0	0	9717
SM00036	CNH	1	0	14	0	0	0	9717
SM00878	Biotin_carb_C	1	0	5	0	0	0	9717
SM00482	POLAc	1	0	3	0	0	0	9717
SM00030	CLb	1	0	2	0	0	0	9717
SM00305	HintC	1	0	3	0	0	0	9717
SM00594	UAS	1	0	3	0	0	0	9717
SM01138	DP	1	0	3	0	0	0	9717
SM00127	IL7	1	0	1	0	0	0	9717
SM00941	PYNP_C	1	0	1	0	0	0	9717
SM00312	PX	1	0	42	0	0	0	9717
SM00259	ZnF_A20	1	0	7	0	0	0	9717
SM00290	ZnF_UBP	1	0	11	0	0	0	9717
SM00750	KIND	1	0	5	0	0	0	9717
SM01391	Filament	1	0	72	0	0	0	9717
SM00137	MAM	1	0	17	0	0	0	9717
SM00337	BCL	1	0	9	0	0	0	9717
SM00150	SPEC	1	0	29	0	0	0	9717
SM00003	NH	1	0	2	0	0	0	9717
SM00915	Jacalin	1	0	2	0	0	0	9717
SM00956	RQC	1	0	2	0	0	0	9717
SM00133	S_TK_X	1	0	49	0	0	0	9717
SM00993	YL1_C	1	0	2	0	0	0	9717
SM00540	LEM	1	0	5	0	0	0	9717
SM00775	LNS2	1	0	6	0	0	0	9717
SM00178	SAR	1	0	29	0	0	0	9717
SM01124	DBR1	1	0	1	0	0	0	9717
SM00527	HMG17	1	0	5	0	0	0	9717
SM00363	S4	1	0	4	0	0	0	9717
SM01243	IRF-3	1	0	7	0	0	0	9717
SM00212	UBCc	1	0	40	0	0	0	9717
SM00278	HhH1	1	0	3	0	0	0	9717
SM00331	PP2C_SIG	1	0	4	0	0	0	9717
SM00937	PCRF	1	0	2	0	0	0	9717
SM00070	GLUCA	1	0	6	0	0	0	9717
SM00978	Tim44	1	0	2	0	0	0	9717
SM00368	LRR_RI	1	0	39	0	0	0	9717
SM01033	BING4CT	1	0	1	0	0	0	9717
SM00302	GED	1	0	6	0	0	0	9717
SM00265	BH4	1	0	3	0	0	0	9717
SM00946	ProRS-C_1	1	0	1	0	0	0	9717
SM00542	FYRC	1	0	5	0	0	0	9717
SM00721	BAR	1	0	15	0	0	0	9717
SM00908	Gal-bind_lectin	1	0	15	0	0	0	9717
SM00351	PAX	1	0	8	0	0	0	9717
SM01417	Solute_trans_a	1	0	4	0	0	0	9717
SM00330	PIPKc	1	0	8	0	0	0	9717
SM01415	DUF106	1	0	2	0	0	0	9717
SM00679	CTNS	1	0	4	0	0	0	9717
SM01270	Longin	1	0	5	0	0	0	9717
SM00251	SAM_PNT	1	0	11	0	0	0	9717
SM00323	RasGAP	1	0	14	0	0	0	9717
SM01155	DUF1713	1	0	1	0	0	0	9717
SM00980	THAP	1	0	12	0	0	0	9717
SM00955	RNB	1	0	4	0	0	0	9717
SM00603	LCCL	1	0	6	0	0	0	9717
SM00109	C1	1	0	65	0	0	0	9717
SM00554	FAS1	1	0	4	0	0	0	9717
SM01062	Ca_chan_IQ	1	0	7	0	0	0	9717
SM01363	ACTH_domain	1	0	1	0	0	0	9717
SM00128	IPPc	1	0	10	0	0	0	9717
SM00780	PIG-X	1	0	1	0	0	0	9717
SM00194	PTPc	1	0	37	0	0	0	9717
SM00555	GIT	1	0	2	0	0	0	9717
SM00358	DSRM	1	0	17	0	0	0	9717
SM00754	CHRD	1	0	1	0	0	0	9717
SM00180	EGF_Lam	1	0	35	0	0	0	9717
SM01128	DDRGK	1	0	1	0	0	0	9717
SM00254	ShKT	1	0	1	0	0	0	9717
SM00537	DCX	1	0	9	0	0	0	9717
SM00051	DSL	1	0	4	0	0	0	9717
SM00667	LisH	1	0	23	0	0	0	9717
SM00478	ENDO3c	1	0	3	0	0	0	9717
SM00200	SEA	1	0	10	0	0	0	9717
SM00832	C8	1	0	12	0	0	0	9717
SM00365	LRR_SD22	1	0	52	0	0	0	9717
SM00506	A1pp	1	0	9	0	0	0	9717
SM01345	Rapamycin_bind	1	0	2	0	0	0	9717
SM00192	LDLa	1	0	45	0	0	0	9717
SM00631	Zn_pept	1	0	18	0	0	0	9717
SM00404	PTPc_motif	1	0	61	0	0	0	9717
SM00094	TR_FER	1	0	3	0	0	0	9717
SM00258	SAND	1	0	8	0	0	0	9717
SM00391	MBD	1	0	11	0	0	0	9717
SM00581	PSP	1	0	2	0	0	0	9717
SM00969	SOCS_box	1	0	38	0	0	0	9717
SM01161	DUF1767	1	0	1	0	0	0	9717
SM01275	MamL-1	1	0	3	0	0	0	9717
SM00468	PreSET	1	0	7	0	0	0	9717
SM01218	FoP_duplication	1	0	2	0	0	0	9717
SM00356	ZnF_C3H1	1	0	46	0	0	0	9717
SM00612	Kelch	1	0	57	0	0	0	9717
SM00257	LysM	1	0	6	0	0	0	9717
SM01154	DUF1704	1	0	2	0	0	0	9717
SM01268	BTD	1	0	2	0	0	0	9717
SM00744	RINGv	1	0	17	0	0	0	9717
SM01333	Tet_JBP	1	0	3	0	0	0	9717
SM00434	TOP4c	1	0	2	0	0	0	9717
SM01261	Thymopoietin	1	0	1	0	0	0	9717
SM00276	GLECT	1	0	15	0	0	0	9717
SM00733	Mterf	1	0	4	0	0	0	9717
SM00263	LYZ1	1	0	8	0	0	0	9717
SM00552	ADEAMc	1	0	6	0	0	0	9717
SM00742	Hr1	1	0	7	0	0	0	9717
SM01359	A2M_N_2	1	0	7	0	0	0	9717
SM00533	MUTSd	1	0	5	0	0	0	9717
SM00098	alkPPc	1	0	4	0	0	0	9717
SM00707	RPEL	1	0	7	0	0	0	9717
SM01050	CactinC_cactus	1	0	2	0	0	0	9717
SM01017	Arrestin_C	1	0	10	0	0	0	9717
SM01311	RPOL_N	1	0	1	0	0	0	9717
SM01328	zf-3CxxC	1	0	8	0	0	0	9717
SM00325	RhoGEF	1	0	68	0	0	0	9717
SM01191	ENT	1	0	1	0	0	0	9717
SM01175	DUF4206	1	0	5	0	0	0	9717
SM01089	Connexin_CCC	1	0	20	0	0	0	9717
SM00714	LITAF	1	0	2	0	0	0	9717
SM00479	EXOIII	1	0	13	0	0	0	9717
SM00662	RPOLD	1	0	2	0	0	0	9717
SM00981	THUMP	1	0	3	0	0	0	9717
SM01144	DTW	1	0	2	0	0	0	9717
SM00517	PolyA	1	0	4	0	0	0	9717
SM00310	PTBI	1	0	11	0	0	0	9717
SM00095	TR_THY	1	0	1	0	0	0	9717
SM01075	CDT1	1	0	1	0	0	0	9717
SM01286	SPT16	1	0	1	0	0	0	9717
SM00550	Zalpha	1	0	2	0	0	0	9717
SM01156	DUF1716	1	0	1	0	0	0	9717
SM00451	ZnF_U1	1	0	29	0	0	0	9717
SM00197	SAA	1	0	4	0	0	0	9717
SM01092	CO_deh_flav_C	1	0	2	0	0	0	9717
SM00987	UreE_C	1	0	1	0	0	0	9717
SM01097	CPSase_sm_chain	1	0	2	0	0	0	9717
SM00960	Robl_LC7	1	0	3	0	0	0	9717
SM00615	EPH_lbd	1	0	14	0	0	0	9717
SM01339	NODP	1	0	4	0	0	0	9717
SM00120	HX	1	0	23	0	0	0	9717
SM00825	PKS_KS	1	0	2	0	0	0	9717
SM01132	DIL	1	0	6	0	0	0	9717
SM00322	KH	1	0	36	0	0	0	9717
SM01301	PTPlike_phytase	1	0	2	0	0	0	9717
SM01072	CDC48_2	1	0	2	0	0	0	9717
SM00685	DM14	1	0	2	0	0	0	9717
SM00281	LamB	1	0	8	0	0	0	9717
SM00531	TFIIE	1	0	1	0	0	0	9717
SM01221	FTCD	1	0	1	0	0	0	9717
SM00741	SapB	1	0	6	0	0	0	9717
SM00474	35EXOc	1	0	5	0	0	0	9717
SM00114	CARD	1	0	11	0	0	0	9717
SM00148	PLCXc	1	0	17	0	0	0	9717
SM00968	SMC_hinge	1	0	6	0	0	0	9717
SM01341	Tower	1	0	1	0	0	0	9717
SM01260	LANC_like	1	0	3	0	0	0	9717
SM00992	YccV-like	1	0	2	0	0	0	9717
SM01262	LAMTOR	1	0	1	0	0	0	9717
SM00021	DAX	1	0	6	0	0	0	9717
SM00564	PQQ	1	0	4	0	0	0	9717
SM01364	NPP	1	0	1	0	0	0	9717
SM00280	KAZAL	1	0	33	0	0	0	9717
SM00592	BRK	1	0	6	0	0	0	9717
SM00065	GAF	1	0	7	0	0	0	9717
SM00244	PHB	1	0	11	0	0	0	9717
SM00308	LH2	1	0	18	0	0	0	9717
SM00526	H15	1	0	13	0	0	0	9717
SM00041	CT	1	0	21	0	0	0	9717
SM01007	Aldolase_II	1	0	4	0	0	0	9717
SM01002	AlaDh_PNT_C	1	0	2	0	0	0	9717
SM01407	NAC	1	0	5	0	0	0	9717
SM00317	SET	1	0	37	0	0	0	9717
SM00548	IRO	1	0	6	0	0	0	9717
SM01308	RICTOR_N	1	0	1	0	0	0	9717
SM01147	DUF1087	1	0	3	0	0	0	9717
SM01303	RasGEF_N_2	1	0	1	0	0	0	9717
SM01302	Raptor_N	1	0	1	0	0	0	9717
SM00682	G2F	1	0	4	0	0	0	9717
SM01412	Pro-rich	1	0	7	0	0	0	9717
SM01314	SnAC	1	0	2	0	0	0	9717
SM00208	TNFR	1	0	23	0	0	0	9717
SM00173	RAS	1	0	134	0	0	0	9717
SM00219	TyrKc	1	0	80	0	0	0	9717
SM00731	SprT	1	0	2	0	0	0	9717
SM00207	TNF	1	0	16	0	0	0	9717
SM00864	Tubulin	1	0	22	0	0	0	9717
SM00884	Cullin_Nedd8	1	0	8	0	0	0	9717
SM01381	7TM_GPCR_Srsx	1	0	112	0	0	0	9717
SM00063	FRI	1	0	20	0	0	0	9717
SM00648	SWAP	1	0	6	0	0	0	9717
SM00155	PLDc	1	0	6	0	0	0	9717
SM00719	Plus3	1	0	1	0	0	0	9717
SM00357	CSP	1	0	8	0	0	0	9717
SM01408	ING	1	0	5	0	0	0	9717
SM00846	Gp_dh_N	1	0	2	0	0	0	9717
SM00206	NTR	1	0	4	0	0	0	9717
SM00250	PLEC	1	0	7	0	0	0	9717
SM01197	FANCL_C	1	0	1	0	0	0	9717
SM00361	RRM_1	1	0	22	0	0	0	9717
SM01013	APC2	1	0	1	0	0	0	9717
SM00340	HALZ	1	0	1	0	0	0	9717
SM01411	Ephrin_rec_like	1	0	25	0	0	0	9717
SM01283	Costars	1	0	2	0	0	0	9717
SM00045	DAGKa	1	0	10	0	0	0	9717
SM00245	TSPc	1	0	1	0	0	0	9717
SM01282	DBB	1	0	2	0	0	0	9717
SM00044	CYCc	1	0	17	0	0	0	9717
SM00029	GASTRIN	1	0	2	0	0	0	9717
SM01337	APC10	1	0	7	0	0	0	9717
SM00174	RHO	1	0	123	0	0	0	9717
SM00246	WH2	1	0	11	0	0	0	9717
SM00077	ITAM	1	0	7	0	0	0	9717
SM00243	GAS2	1	0	6	0	0	0	9717
SM00072	GuKc	1	0	25	0	0	0	9717
SM01014	ARID	1	0	15	0	0	0	9717
SM00562	NDK	1	0	10	0	0	0	9717
SM00294	4.1m	1	0	14	0	0	0	9717
SM00490	HELICc	1	0	107	0	0	0	9717
SM01018	B12-binding_2	1	0	1	0	0	0	9717
SM00773	WGR	1	0	3	0	0	0	9717
SM00904	Flavokinase	1	0	1	0	0	0	9717
SM00099	btg1	1	0	6	0	0	0	9717
SM00131	KU	1	0	17	0	0	0	9717
SM00855	PGAM	1	0	10	0	0	0	9717
SM00929	NADH-G_4Fe-4S_3	1	0	1	0	0	0	9717
SM01287	Rtt106	1	0	2	0	0	0	9717
SM00738	NGN	1	0	1	0	0	0	9717
SM01305	RESP18	1	0	3	0	0	0	9717
SM00273	ENTH	1	0	9	0	0	0	9717
SM00249	PHD	1	0	89	0	0	0	9717
SM01273	Mago-bind	1	0	1	0	0	0	9717
SM00341	HRDC	1	0	3	0	0	0	9717
SM00248	ANK	1	0	230	0	0	0	9717
SM01176	DUF4208	1	0	3	0	0	0	9717
SM01365	Op_neuropeptide	1	0	1	0	0	0	9717
SM00103	ALBUMIN	1	0	4	0	0	0	9717
SM00510	TFS2M	1	0	7	0	0	0	9717
SM01164	DUF1856	1	0	2	0	0	0	9717
SM00875	BACK	1	0	59	0	0	0	9717
SM01060	Catalase	1	0	1	0	0	0	9717
SM00445	LINK	1	0	14	0	0	0	9717
SM00228	PDZ	1	0	143	0	0	0	9717
SM00975	Telomerase_RBD	1	0	1	0	0	0	9717
SM00176	RAN	1	0	85	0	0	0	9717
SM01394	S_100	1	0	28	0	0	0	9717
SM00182	CULLIN	1	0	7	0	0	0	9717
SM01114	CXC	1	0	6	0	0	0	9717
SM00848	Inhibitor_I29	1	0	7	0	0	0	9717
SM00181	EGF	1	0	184	0	0	0	9717
SM00460	TGc	1	0	11	0	0	0	9717
SM01390	Ribosomal_S4	1	0	2	0	0	0	9717
SM00338	BRLZ	1	0	51	0	0	0	9717
SM01023	BAF	1	0	2	0	0	0	9717
SM00450	RHOD	1	0	21	0	0	0	9717
SM01206	Fibrillarin	1	0	1	0	0	0	9717
SM01178	DUF4217	1	0	4	0	0	0	9717
SM01285	FACT-Spt16_Nlob	1	0	1	0	0	0	9717
SM00027	EH	1	0	11	0	0	0	9717
SM00683	DM16	1	0	1	0	0	0	9717
SM00227	NEBU	1	0	4	0	0	0	9717
SM00406	IGv	1	0	75	0	0	0	9717
SM00534	MUTSac	1	0	5	0	0	0	9717
SM01307	RICTOR_M	1	0	1	0	0	0	9717
SM01174	DUF4205	1	0	2	0	0	0	9717
SM00858	SAF	1	0	1	0	0	0	9717
SM00755	Grip	1	0	10	0	0	0	9717
SM00039	CRF	1	0	2	0	0	0	9717
SM01148	DUF1220	1	0	13	0	0	0	9717
SM00650	rADc	1	0	3	0	0	0	9717
SM01003	AlaDh_PNT_N	1	0	2	0	0	0	9717
SM00630	Sema	1	0	31	0	0	0	9717
SM01151	DUF1518	1	0	3	0	0	0	9717
SM00570	AWS	1	0	5	0	0	0	9717
SM00931	NOSIC	1	0	3	0	0	0	9717
SM00888	EF1_GNE	1	0	2	0	0	0	9717
SM00809	Alpha_adaptinC2	1	0	9	0	0	0	9717
SM00166	UBX	1	0	9	0	0	0	9717
SM01265	Mab-21	1	0	12	0	0	0	9717
SM01083	Cir_N	1	0	3	0	0	0	9717
SM00399	ZnF_C4	1	0	46	0	0	0	9717
SM01069	CDC37_C	1	0	1	0	0	0	9717
SM00080	LIF_OSM	1	0	2	0	0	0	9717
SM01027	Beta-Casp	1	0	4	0	0	0	9717
SM01254	KLRAQ	1	0	1	0	0	0	9717
SM00253	SOCS	1	0	20	0	0	0	9717
SM00067	GHA	1	0	1	0	0	0	9717
SM01263	Leuk-A4-hydro_C	1	0	4	0	0	0	9717
SM01098	CPSF73-100_C	1	0	1	0	0	0	9717
SM01198	FBA	1	0	6	0	0	0	9717
SM00154	ZnF_AN1	1	0	8	0	0	0	9717
SM01237	ICA69	1	0	2	0	0	0	9717
SM00049	DEP	1	0	21	0	0	0	9717
SM01280	Mcm10	1	0	1	0	0	0	9717
SM01145	DUF1041	1	0	5	0	0	0	9717
SM00068	GHB	1	0	8	0	0	0	9717
SM00673	CARP	1	0	5	0	0	0	9717
SM00349	KRAB	1	0	361	0	0	0	9717
SM01010	AMPKBI	1	0	2	0	0	0	9717
SM00737	ML	1	0	4	0	0	0	9717
SM01422	SARA	1	0	1	0	0	0	9717
SM01201	FerB	1	0	5	0	0	0	9717
SM01024	BCS1_N	1	0	1	0	0	0	9717
SM00458	RICIN	1	0	27	0	0	0	9717
SM01203	DUF3585	1	0	8	0	0	0	9717
SM01388	Mob1_phocein	1	0	8	0	0	0	9717
SM00613	PAW	1	0	1	0	0	0	9717
SM01257	KRAP_IP3R_bind	1	0	3	0	0	0	9717
SM00457	MACPF	1	0	12	0	0	0	9717
SM00444	GYF	1	0	2	0	0	0	9717
SM00217	WAP	1	0	13	0	0	0	9717
SM00139	MyTH4	1	0	9	0	0	0	9717
SM00743	Agenet	1	0	1	0	0	0	9717
SM00466	SRA	1	0	2	0	0	0	9717
SM00407	IGc1	1	0	42	0	0	0	9717
SM00091	PAS	1	0	25	0	0	0	9717
SM01118	CYTH	1	0	1	0	0	0	9717
SM00536	AXH	1	0	3	0	0	0	9717
SM00724	TLC	1	0	17	0	0	0	9717
SM01356	AP4E_app_platf	1	0	1	0	0	0	9717
SM00101	14_3_3	1	0	7	0	0	0	9717
SM00233	PH	1	0	259	0	0	0	9717
SM00332	PP2Cc	1	0	20	0	0	0	9717
SM01230	Gln-synt_C	1	0	2	0	0	0	9717
SM00198	SCP	1	0	15	0	0	0	9717
SM00398	HMG	1	0	51	0	0	0	9717
SM01041	BRO1	1	0	5	0	0	0	9717
SM00136	LamNT	1	0	16	0	0	0	9717
SM00279	HhH2	1	0	5	0	0	0	9717
SM00777	Mad3_BUB1_I	1	0	2	0	0	0	9717
SM00758	PA14	1	0	3	0	0	0	9717
SM01011	AMP_N	1	0	2	0	0	0	9717
SM01272	LsmAD	1	0	2	0	0	0	9717
SM00865	Tubulin_C	1	0	21	0	0	0	9717
SM00261	FU	1	0	18	0	0	0	9717
SM00746	TRASH	1	0	8	0	0	0	9717
SM01179	DUF862	1	0	2	0	0	0	9717
SM00247	XTALbg	1	0	15	0	0	0	9717
SM00111	C4	1	0	6	0	0	0	9717
SM01047	C1_4	1	0	2	0	0	0	9717
SM00301	DM	1	0	7	0	0	0	9717
SM01421	DUF3480	1	0	2	0	0	0	9717
SM00213	UBQ	1	0	41	0	0	0	9717
SM01189	ELM2	1	0	13	0	0	0	9717
SM00151	SWIB	1	0	3	0	0	0	9717
SM00826	PKS_DH	1	0	1	0	0	0	9717
SM00408	IGc2	1	0	239	0	0	0	9717
SM01240	IMPDH	1	0	4	0	0	0	9717
SM00369	LRR_TYP	1	0	175	0	0	0	9717
SM00985	UBA_e1_C	1	0	3	0	0	0	9717
SM00153	VHP	1	0	8	0	0	0	9717
SM00822	PKS_KR	1	0	6	0	0	0	9717
SM01167	DUF1900	1	0	8	0	0	0	9717
SM00306	HintN	1	0	3	0	0	0	9717
SM00115	CASc	1	0	13	0	0	0	9717
SM00018	PD	1	0	9	0	0	0	9717
SM00792	Agouti	1	0	2	0	0	0	9717
SM00642	Aamy	1	0	7	0	0	0	9717
SM00141	PDGF	1	0	8	0	0	0	9717
SM00487	DEXDc	1	0	109	0	0	0	9717
SM00209	TSP1	1	0	64	0	0	0	9717
SM00462	PTB	1	0	40	0	0	0	9717
SM01293	DUF3402	1	0	2	0	0	0	9717
SM01344	NUC194	1	0	1	0	0	0	9717
SM00893	ETF	1	0	2	0	0	0	9717
SM00432	MADS	1	0	5	0	0	0	9717
SM00055	FCH	1	0	22	0	0	0	9717
SM01404	CIMR	1	0	1	0	0	0	9717
SM01397	Ribosomal_S3Ae	1	0	1	0	0	0	9717
SM00082	LRRCT	1	0	83	0	0	0	9717
SM01123	DBP10CT	1	0	1	0	0	0	9717
SM00089	PKD	1	0	8	0	0	0	9717
SM01136	DKCLD	1	0	1	0	0	0	9717
SM01249	KASH	1	0	4	0	0	0	9717
SM01355	AP3B1_C	1	0	2	0	0	0	9717
SM01035	BOP1NT	1	0	1	0	0	0	9717
SM00811	Alpha_kinase	1	0	6	0	0	0	9717
SM01244	IRS	1	0	14	0	0	0	9717
SM01329	Iso_dh	1	0	5	0	0	0	9717
SM00525	FES	1	0	2	0	0	0	9717
SM01210	GARS_C	1	0	1	0	0	0	9717
SM01296	N2227	1	0	1	0	0	0	9717
SM01338	NOD	1	0	4	0	0	0	9717
SM00589	PRY	1	0	46	0	0	0	9717
SM00568	GRAM	1	0	16	0	0	0	9717
SM00635	BID_2	1	0	2	0	0	0	9717
SM00204	TGFB	1	0	36	0	0	0	9717
SM00571	DDT	1	0	5	0	0	0	9717
SM00032	CCP	1	0	53	0	0	0	9717
SM01385	DSS1_SEM1	1	0	1	0	0	0	9717
SM01418	Defensin_propep	1	0	5	0	0	0	9717
SM00191	Int_alpha	1	0	19	0	0	0	9717
SM01384	Ribosomal_L15e	1	0	1	0	0	0	9717
SM00984	UDPG_MGDP_dh_C	1	0	1	0	0	0	9717
SM00503	SynN	1	0	9	0	0	0	9717
SM00390	GoLoco	1	0	7	0	0	0	9717
SM00394	RIIa	1	0	6	0	0	0	9717
SM01281	Med12	1	0	2	0	0	0	9717
SM00967	SpoU_sub_bind	1	0	2	0	0	0	9717
SM00547	ZnF_RBZ	1	0	20	0	0	0	9717
SM00882	CoA_trans	1	0	2	0	0	0	9717
SM00352	POU	1	0	16	0	0	0	9717
SM01368	RB_A	1	0	3	0	0	0	9717
SM00225	BTB	1	0	174	0	0	0	9717
SM00729	Elp3	1	0	7	0	0	0	9717
SM00195	DSPc	1	0	35	0	0	0	9717
SM01139	Drf_FH3	1	0	9	0	0	0	9717
SM00484	XPGI	1	0	5	0	0	0	9717
SM01120	Dak2	1	0	1	0	0	0	9717
SM00031	DED	1	0	7	0	0	0	9717
SM00147	RasGEF	1	0	30	0	0	0	9717
SM01030	BHD_1	1	0	1	0	0	0	9717
SM00653	eIF2B_5	1	0	2	0	0	0	9717
SM00034	CLECT	1	0	84	0	0	0	9717
SM01250	KAT11	1	0	2	0	0	0	9717
SM01082	CHZ	1	0	1	0	0	0	9717
SM01389	Spt4	1	0	1	0	0	0	9717
SM01133	DeoC	1	0	1	0	0	0	9717
SM00516	SEC14	1	0	26	0	0	0	9717
SM00557	IG_FLMN	1	0	9	0	0	0	9717
SM00165	UBA	1	0	29	0	0	0	9717
SM00286	PTI	1	0	1	0	0	0	9717
SM00693	DysFN	1	0	4	0	0	0	9717
SM01159	DUF1744	1	0	1	0	0	0	9717
SM01141	DRY_EERY	1	0	2	0	0	0	9717
SM00485	XPGN	1	0	5	0	0	0	9717
SM01278	MAPKK1_Int	1	0	1	0	0	0	9717
SM00788	Adenylsucc_synt	1	0	2	0	0	0	9717
SM00991	WHEP-TRS	1	0	5	0	0	0	9717
SM01371	TFIIA	1	0	3	0	0	0	9717
SM00186	FBG	1	0	24	0	0	0	9717
SM00765	MANEC	1	0	5	0	0	0	9717
SM01115	cwf21	1	0	2	0	0	0	9717
SM00355	ZnF_C2H2	1	0	727	0	0	0	9717
SM01340	DNA_mis_repair	1	0	4	0	0	0	9717
SM00428	H3	1	0	6	0	0	0	9717
SM00576	BTP	1	0	3	0	0	0	9717
SM01065	CBM_2	1	0	3	0	0	0	9717
SM01117	Cyt-b5	1	0	14	0	0	0	9717
SM01100	CRAL_TRIO_N	1	0	12	0	0	0	9717
SM01279	Matrilin_ccoil	1	0	4	0	0	0	9717
SM01335	PADR1	1	0	1	0	0	0	9717
SM00922	MR_MLE	1	0	1	0	0	0	9717
SM00672	CAP10	1	0	3	0	0	0	9717
SM00512	Skp1	1	0	2	0	0	0	9717
SM00433	TOP2c	1	0	2	0	0	0	9717
SM01378	Romo1	1	0	1	0	0	0	9717
SM00222	Sec7	1	0	16	0	0	0	9717
SM00488	DEXDc2	1	0	4	0	0	0	9717
SM00827	PKS_AT	1	0	2	0	0	0	9717
SM00364	LRR_BAC	1	0	53	0	0	0	9717
SM01406	PAPA-1	1	0	1	0	0	0	9717
SM00179	EGF_CA	1	0	121	0	0	0	9717
SM00498	FH2	1	0	15	0	0	0	9717
SM00800	uDENN	1	0	15	0	0	0	9717
SM01416	Ribosomal_L19e	1	0	1	0	0	0	9717
SM00873	B3_4	1	0	2	0	0	0	9717
SM00149	PLCYc	1	0	15	0	0	0	9717
SM01016	Arg_tRNA_synt_N	1	0	1	0	0	0	9717
SM00350	MCM	1	0	9	0	0	0	9717
SM00064	FYVE	1	0	29	0	0	0	9717
SM01153	DUF1693	1	0	4	0	0	0	9717
SM00805	AGTRAP	1	0	1	0	0	0	9717
SM01284	ECSIT_Cterm	1	0	1	0	0	0	9717
SM00891	ERCC4	1	0	5	0	0	0	9717
SM00203	TK	1	0	1	0	0	0	9717
SM01086	ClpB_D2-small	1	0	2	0	0	0	9717
SM01209	GARS_A	1	0	1	0	0	0	9717
SM01264	M16C_associated	1	0	1	0	0	0	9717
SM00054	EFh	1	0	139	0	0	0	9717
SM00184	RING	1	0	239	0	0	0	9717
SM00291	ZnF_ZZ	1	0	16	0	0	0	9717
SM00666	PB1	1	0	14	0	0	0	9717
SM01274	malic	1	0	3	0	0	0	9717
SM00311	PWI	1	0	3	0	0	0	9717
SM00386	HAT	1	0	10	0	0	0	9717
SM00002	PLP	1	0	3	0	0	0	9717
SM00845	GatB_Yqey	1	0	1	0	0	0	9717
SM00651	Sm	1	0	20	0	0	0	9717
SM00019	SF_P	1	0	1	0	0	0	9717
SM00702	P4Hc	1	0	16	0	0	0	9717
SM00427	H2B	1	0	16	0	0	0	9717
SM00431	SCAN	1	0	56	0	0	0	9717
SM00520	BASIC	1	0	4	0	0	0	9717
SM00193	PTN	1	0	2	0	0	0	9717
SM00252	SH2	1	0	103	0	0	0	9717
SM00409	IG	1	0	394	0	0	0	9717
SM00087	PTH	1	0	2	0	0	0	9717
SM00459	Sorb	1	0	3	0	0	0	9717
SM01233	HABP4_PAI-RBP1	1	0	2	0	0	0	9717
SM00983	TPK_B1_binding	1	0	1	0	0	0	9717
SM00429	IPT	1	0	27	0	0	0	9717
SM01000	Aha1_N	1	0	1	0	0	0	9717
SM00963	SRP54_N	1	0	2	0	0	0	9717
SM01297	KAP	1	0	1	0	0	0	9717
SM01239	IKKbetaNEMObind	1	0	2	0	0	0	9717
SM00567	EZ_HEAT	1	0	1	0	0	0	9717
SM00657	RPOL4c	1	0	2	0	0	0	9717
SM00126	IL6	1	0	2	0	0	0	9717
SM01182	EF-1_beta_acid	1	0	2	0	0	0	9717
SM00649	RL11	1	0	2	0	0	0	9717
SM01130	DHDPS	1	0	2	0	0	0	9717
SM00614	ZnF_BED	1	0	12	0	0	0	9717
SM00042	CUB	1	0	47	0	0	0	9717
SM01125	DCP2	1	0	1	0	0	0	9717
SM00425	TBOX	1	0	17	0	0	0	9717
SM00712	PUR	1	0	3	0	0	0	9717
SM00829	PKS_ER	1	0	16	0	0	0	9717
SM01194	eRF1_1	1	0	2	0	0	0	9717
SM00461	WH1	1	0	11	0	0	0	9717
SM01152	DUF167	1	0	1	0	0	0	9717
SM00211	TY	1	0	17	0	0	0	9717
SM00818	Amelogenin	1	0	2	0	0	0	9717
SM00704	ZnF_CDGSH	1	0	3	0	0	0	9717
SM00229	RasGEFN	1	0	20	0	0	0	9717
SM01373	MAGE	1	0	34	0	0	0	9717
SM00751	BSD	1	0	3	0	0	0	9717
SM00902	Fe_hyd_SSU	1	0	2	0	0	0	9717
SM00037	CNX	1	0	20	0	0	0	9717
SM00440	ZnF_C2C2	1	0	6	0	0	0	9717
SM00442	FGF	1	0	22	0	0	0	9717
SM01039	BRICHOS	1	0	9	0	0	0	9717
SM00949	PAZ	1	0	9	0	0	0	9717
SM00471	HDc	1	0	23	0	0	0	9717
SM00883	Cpn10	1	0	2	0	0	0	9717
SM00326	SH3	1	0	202	0	0	0	9717
SM00464	LON	1	0	6	0	0	0	9717
SM00920	MHC_II_alpha	1	0	6	0	0	0	9717
SM00008	HormR	1	0	24	0	0	0	9717
SM00013	LRRNT	1	0	54	0	0	0	9717
SM00558	JmjC	1	0	29	0	0	0	9717
SM00085	PA2c	1	0	8	0	0	0	9717
SM00348	IRF	1	0	9	0	0	0	9717
SM00028	TPR	1	0	126	0	0	0	9717
SM01292	N1221	1	0	2	0	0	0	9717
SM00804	TAP_C	1	0	2	0	0	0	9717
SM00417	H4	1	0	2	0	0	0	9717
SM01200	FerA	1	0	3	0	0	0	9717
SM01277	MAGUK_N_PEST	1	0	4	0	0	0	9717
SM00541	FYRN	1	0	5	0	0	0	9717
SM00140	NGF	1	0	4	0	0	0	9717
SM00266	CAD	1	0	5	0	0	0	9717
SM01253	Kin17_mid	1	0	1	0	0	0	9717
SM00449	SPRY	1	0	87	0	0	0	9717
SM00146	PI3Kc	1	0	16	0	0	0	9717
SM00292	BRCT	1	0	18	0	0	0	9717
SM01015	Arfaptin	1	0	5	0	0	0	9717
SM00705	THEG	1	0	2	0	0	0	9717
SM00026	EPEND	1	0	1	0	0	0	9717
SM00313	PXA	1	0	4	0	0	0	9717
SM00674	CENPB	1	0	12	0	0	0	9717
SM00215	VWC_out	1	0	18	0	0	0	9717
SM00501	BRIGHT	1	0	15	0	0	0	9717
SM01291	N-SET	1	0	1	0	0	0	9717
SM00523	DWA	1	0	12	0	0	0	9717
SM01087	COG6	1	0	1	0	0	0	9717
SM00500	SFM	1	0	2	0	0	0	9717
SM00307	ILWEQ	1	0	4	0	0	0	9717
SM00584	TLDc	1	0	5	0	0	0	9717
SM00454	SAM	1	0	83	0	0	0	9717
SM01046	c-SKI_SMAD_bind	1	0	3	0	0	0	9717
SM00053	DYNc	1	0	7	0	0	0	9717
SM00256	FBOX	1	0	38	0	0	0	9717
SM00078	IlGF	1	0	10	0	0	0	9717
SM00438	ZnF_NFX	1	0	3	0	0	0	9717
SM01074	Cdc6_C	1	0	2	0	0	0	9717
SM00715	LA	1	0	7	0	0	0	9717
SM01085	CK_II_beta	1	0	1	0	0	0	9717
SM00014	acidPPc	1	0	18	0	0	0	9717
SM00295	B41	1	0	51	0	0	0	9717
SM00761	HDAC_interact	1	0	2	0	0	0	9717
SM00397	t_SNARE	1	0	22	0	0	0	9717
SM01168	DUF1907	1	0	1	0	0	0	9717
SM01222	FTCD_N	1	0	1	0	0	0	9717
SM01020	B2-adapt-app_C	1	0	4	0	0	0	9717
SM00726	UIM	1	0	16	0	0	0	9717
SM00546	CUE	1	0	7	0	0	0	9717
SM00210	TSPN	1	0	23	0	0	0	9717
SM00676	DM10	1	0	3	0	0	0	9717
SM01334	DUF3454	1	0	3	0	0	0	9717
SM00096	UTG	1	0	1	0	0	0	9717
SM00597	ZnF_TTF	1	0	1	0	0	0	9717
SM00262	GEL	1	0	8	0	0	0	9717
SM00586	ZnF_DBF	1	0	3	0	0	0	9717
SM01414	P68HR	1	0	1	0	0	0	9717
SM00084	NMU	1	0	1	0	0	0	9717
SM01129	DELLA	1	0	1	0	0	0	9717
SM01319	Tankyrase_bdg_C	1	0	2	0	0	0	9717
SM00469	WIF	1	0	2	0	0	0	9717
SM00694	DysFC	1	0	4	0	0	0	9717
SM01419	Thiol-ester_cl	1	0	6	0	0	0	9717
SM00817	Amelin	1	0	1	0	0	0	9717
SM00318	SNc	1	0	1	0	0	0	9717
SM00314	RA	1	0	29	0	0	0	9717
SM00288	VHS	1	0	9	0	0	0	9717
SM00486	POLBc	1	0	4	0	0	0	9717
SM01163	DUF1785	1	0	5	0	0	0	9717
SM01122	DBC1	1	0	2	0	0	0	9717
SM01070	CDC37_M	1	0	2	0	0	0	9717
SM00665	B561	1	0	6	0	0	0	9717
SM00329	BPI2	1	0	9	0	0	0	9717
SM01160	DUF1751	1	0	1	0	0	0	9717
SM00231	FA58C	1	0	20	0	0	0	9717
SM00387	HATPase_c	1	0	9	0	0	0	9717
SM00226	LMWPc	1	0	1	0	0	0	9717
SM00107	BTK	1	0	9	0	0	0	9717
SM00889	EFG_IV	1	0	4	0	0	0	9717
SM01379	GAGE	1	0	24	0	0	0	9717
SM00092	RNAse_Pc	1	0	11	0	0	0	9717
SM00214	VWC	1	0	36	0	0	0	9717
SM00104	ANATO	1	0	5	0	0	0	9717
SM00945	ProQ	1	0	1	0	0	0	9717
SM00671	SEL1	1	0	7	0	0	0	9717
SM00996	AdoHcyase	1	0	3	0	0	0	9717
SM01424	HAP1_N	1	0	3	0	0	0	9717
SM00928	NADH_4Fe-4S	1	0	1	0	0	0	9717
SM00504	Ubox	1	0	8	0	0	0	9717
SM00990	VRR_NUC	1	0	1	0	0	0	9717
SM01028	Beta-TrCP_D	1	0	2	0	0	0	9717
SM01162	DUF1771	1	0	1	0	0	0	9717
SM01360	A2M	1	0	7	0	0	0	9717
SM00216	VWD	1	0	15	0	0	0	9717
SM00392	PROF	1	0	4	0	0	0	9717
SM00907	GDNF	1	0	6	0	0	0	9717
SM00752	HTTM	1	0	1	0	0	0	9717
SM00695	DUSP	1	0	5	0	0	0	9717
SM00609	VIT	1	0	8	0	0	0	9717
SM01053	CaMBD	1	0	4	0	0	0	9717
SM00324	RhoGAP	1	0	64	0	0	0	9717
SM00048	DEFSN	1	0	6	0	0	0	9717
SM01342	TAN	1	0	1	0	0	0	9717
SM00385	CYCLIN	1	0	34	0	0	0	9717
SM00142	PI3K_C2	1	0	8	0	0	0	9717
SM00849	Lactamase_B	1	0	10	0	0	0	9717
SM00745	MIT	1	0	10	0	0	0	9717
SM01165	DUF1866	1	0	2	0	0	0	9717
SM01057	Carb_anhydrase	1	0	17	0	0	0	9717
SM00860	SMI1_KNR4	1	0	2	0	0	0	9717
SM00730	PSN	1	0	7	0	0	0	9717
SM00446	LRRcap	1	0	7	0	0	0	9717
SM00328	BPI1	1	0	8	0	0	0	9717
SM00298	CHROMO	1	0	30	0	0	0	9717
SM00932	Nfu_N	1	0	1	0	0	0	9717
SM01413	Ribosomal_S19e	1	0	1	0	0	0	9717
SM00577	CPDc	1	0	8	0	0	0	9717
SM00573	HSA	1	0	4	0	0	0	9717
SM00059	FN2	1	0	13	0	0	0	9717
SM01220	FSA_C	1	0	1	0	0	0	9717
SM00802	UME	1	0	1	0	0	0	9717
SM01036	BP28CT	1	0	1	0	0	0	9717
SM00602	VPS10	1	0	5	0	0	0	9717
SM01288	FISNA	1	0	2	0	0	0	9717
SM00015	IQ	1	0	50	0	0	0	9717
SM00736	CADG	1	0	3	0	0	0	9717
SM00559	Ku78	1	0	2	0	0	0	9717
SM01140	Drf_GBD	1	0	9	0	0	0	9717
SM00230	CysPc	1	0	15	0	0	0	9717
SM00483	POLXc	1	0	4	0	0	0	9717
SM00006	A4_EXTRA	1	0	3	0	0	0	9717
SM00861	Transket_pyr	1	0	8	0	0	0	9717
SM01177	DUF4210	1	0	2	0	0	0	9717
SM00046	DAGKc	1	0	14	0	0	0	9717
SM00684	DM15	1	0	2	0	0	0	9717
SM00156	PP2Ac	1	0	13	0	0	0	9717
SM01031	BHD_2	1	0	1	0	0	0	9717
SM00836	DALR_1	1	0	3	0	0	0	9717
SM00515	eIF5C	1	0	7	0	0	0	9717
SM00299	CLH	1	0	3	0	0	0	9717
SM00135	LY	1	0	14	0	0	0	9717
SM01193	Enolase_N	1	0	4	0	0	0	9717
SM01387	Ribosomal_S15	1	0	2	0	0	0	9717
SM01402	Ribosomal_S27	1	0	1	0	0	0	9717
SM01276	M60-like	1	0	2	0	0	0	9717
SM00898	Fapy_DNA_glyco	1	0	1	0	0	0	9717
SM01196	FERM_C	1	0	27	0	0	0	9717
SM00851	MGS	1	0	3	0	0	0	9717
SM00948	Proteasome_A_N	1	0	8	0	0	0	9717
SM01376	eIF-5a	1	0	3	0	0	0	9717
SM01271	LSM14	1	0	3	0	0	0	9717
SM00389	HOX	1	0	226	0	0	0	9717
SM01137	DMAP_binding	1	0	6	0	0	0	9717
SM00591	RWD	1	0	10	0	0	0	9717
SM00569	L27	1	0	11	0	0	0	9717
SM01374	Ribosomal_L14	1	0	2	0	0	0	9717
SM00723	AMOP	1	0	4	0	0	0	9717
SM00234	START	1	0	13	0	0	0	9717
SM00491	HELICc2	1	0	4	0	0	0	9717
SM00588	NEUZ	1	0	5	0	0	0	9717
SM00539	NIDO	1	0	5	0	0	0	9717
SM01403	Ribosomal_S10	1	0	3	0	0	0	9717
SM00175	RAB	1	0	149	0	0	0	9717
SM00264	BAG	1	0	5	0	0	0	9717
SM00874	B5	1	0	1	0	0	0	9717
SM01354	BLVR	1	0	1	0	0	0	9717
SM00720	calpain_III	1	0	12	0	0	0	9717
SM01181	E2_bind	1	0	1	0	0	0	9717
SM00272	END	1	0	3	0	0	0	9717
SM00654	eIF6	1	0	1	0	0	0	9717
SM00652	eIF1a	1	0	3	0	0	0	9717
SM00058	FN1	1	0	4	0	0	0	9717
SM01180	DWNN	1	0	1	0	0	0	9717
SM00125	IL1	1	0	8	0	0	0	9717
SM00218	ZU5	1	0	9	0	0	0	9717
SM00396	ZnF_UBR1	1	0	7	0	0	0	9717
SM00951	QLQ	1	0	2	0	0	0	9717
SM00976	Telo_bind	1	0	1	0	0	0	9717
SM01377	Ribosomal_L40e	1	0	1	0	0	0	9717
SM01332	Cyclin_C	1	0	17	0	0	0	9717
SM01310	RICTOR_V	1	0	1	0	0	0	9717
SM00423	PSI	1	0	42	0	0	0	9717
SM00105	ArfGap	1	0	27	0	0	0	9717
SM00282	LamG	1	0	40	0	0	0	9717
SM00316	S1	1	0	9	0	0	0	9717
SM00470	ParB	1	0	1	0	0	0	9717
SM00017	OSTEO	1	0	1	0	0	0	9717
SM00456	WW	1	0	48	0	0	0	9717
SM01224	G_gamma	1	0	17	0	0	0	9717
SM01372	E2F_TDP	1	0	11	0	0	0	9717
SM01166	DUF1899	1	0	8	0	0	0	9717
SM01044	Btz	1	0	1	0	0	0	9717
SM00116	CBS	1	0	13	0	0	0	9717
SM00580	PUG	1	0	5	0	0	0	9717
SM00472	MIR	1	0	10	0	0	0	9717
SM00040	CSF2	1	0	1	0	0	0	9717
SM00698	MORN	1	0	15	0	0	0	9717
SM01393	Ribosomal_L32e	1	0	1	0	0	0	9717
SM00187	INB	1	0	8	0	0	0	9717
SM00202	SR	1	0	25	0	0	0	9717
SM00659	RPOLCX	1	0	1	0	0	0	9717
SM00560	LamGL	1	0	4	0	0	0	9717
SM00638	LPD_N	1	0	2	0	0	0	9717
SM01146	DUF1086	1	0	3	0	0	0	9717
SM01289	PYRIN	1	0	22	0	0	0	9717
SM00321	WSC	1	0	5	0	0	0	9717
SM00333	TUDOR	1	0	25	0	0	0	9717
SM00549	TAFH	1	0	5	0	0	0	9717
SM00079	PBPe	1	0	18	0	0	0	9717
SM00910	HIRAN	1	0	1	0	0	0	9717
SM01396	BC10	1	0	1	0	0	0	9717
SM00437	TOP1Ac	1	0	2	0	0	0	9717
SM00189	IL2	1	0	1	0	0	0	9717
SM00530	HTH_XRE	1	0	1	0	0	0	9717
SM00847	HA2	1	0	18	0	0	0	9717
SM00393	R3H	1	0	9	0	0	0	9717
SM01369	Rb_C	1	0	3	0	0	0	9717
SM00803	TAF	1	0	3	0	0	0	9717
SM01001	AIRC	1	0	1	0	0	0	9717
SM00134	LU	1	0	10	0	0	0	9717
SM00735	ZM	1	0	3	0	0	0	9717
SM00430	HOLI	1	0	48	0	0	0	9717
SM01336	zf-PARP	1	0	2	0	0	0	9717
SM00020	Tryp_SPc	1	0	106	0	0	0	9717
SM00964	STAT_int	1	0	7	0	0	0	9717
SM00463	SMR	1	0	1	0	0	0	9717
SM00544	MA3	1	0	6	0	0	0	9717
SM01409	RNA_pol_Rpb6	1	0	1	0	0	0	9717
SM01392	MAGE_N	1	0	20	0	0	0	9717
SM00784	SPT2	1	0	1	0	0	0	9717
SM00678	WWE	1	0	5	0	0	0	9717
SM00995	AD	1	0	1	0	0	0	9717
SM01032	BHD_3	1	0	1	0	0	0	9717
SM01214	Fmp27_GFWDK	1	0	1	0	0	0	9717
SM00435	TOPEUc	1	0	2	0	0	0	9717
SM00524	DWB	1	0	8	0	0	0	9717
SM00239	C2	1	0	122	0	0	0	9717
SM01096	CPSase_L_D3	1	0	2	0	0	0	9717
SM00069	GLA	1	0	14	0	0	0	9717
SM00110	C1Q	1	0	31	0	0	0	9717
SM00132	LIM	1	0	71	0	0	0	9717
SM01309	RICTOR_phospho	1	0	1	0	0	0	9717
SM00100	cNMP	1	0	31	0	0	0	9717
SM01195	FA	1	0	13	0	0	0	9717
SM01380	Ribosomal_L31e	1	0	1	0	0	0	9717
SM00297	BROMO	1	0	42	0	0	0	9717
SM00962	SRP54	1	0	2	0	0	0	9717
SM01228	GIDA_assoc_3	1	0	1	0	0	0	9717
SM00242	MYSc	1	0	38	0	0	0	9717
SM00238	BIR	1	0	7	0	0	0	9717
SM01109	CUT	1	0	7	0	0	0	9717
SM01401	Sds3	1	0	3	0	0	0	9717
SM00144	PI3K_rbd	1	0	6	0	0	0	9717
SM00944	Pro-kuma_activ	1	0	1	0	0	0	9717
SM00401	ZnF_GATA	1	0	12	0	0	0	9717
SM01026	Beach	1	0	9	0	0	0	9717
SM00919	Malic_M	1	0	3	0	0	0	9717
SM00593	RUN	1	0	17	0	0	0	9717
SM00293	PWWP	1	0	20	0	0	0	9717
SM01242	Integrin_B_tail	1	0	7	0	0	0	9717
SM00102	ADF	1	0	10	0	0	0	9717
SM01295	K167R	1	0	1	0	0	0	9717
SM00831	Cation_ATPase_N	1	0	16	0	0	0	9717
SM01367	DUF3452	1	0	3	0	0	0	9717
SM00952	RAP	1	0	6	0	0	0	9717
SM01212	Fib_alpha	1	0	3	0	0	0	9717
SM00004	NL	1	0	7	0	0	0	9717
SM00839	ELFV_dehydrog	1	0	2	0	0	0	9717
SM01225	G8	1	0	4	0	0	0	9717
SM00823	PKS_PP	1	0	1	0	0	0	9717
SM00572	DZF	1	0	5	0	0	0	9717
SM00061	MATH	1	0	12	0	0	0	9717
SM00511	ORANGE	1	0	9	0	0	0	9717
SM01202	FerI	1	0	5	0	0	0	9717
SM00159	PTX	1	0	10	0	0	0	9717
SM00320	WD40	1	0	262	0	0	0	9717
SM00367	LRR_CC	1	0	18	0	0	0	9717
SM00164	TBC	1	0	49	0	0	0	9717
SM00143	PI3K_p85B	1	0	3	0	0	0	9717
SM00643	C345C	1	0	15	0	0	0	9717
SM01353	AIF_C	1	0	1	0	0	0	9717
SM01383	Ribosomal_L2	1	0	2	0	0	0	9717
SM01347	Mre11_DNA_bind	1	0	1	0	0	0	9717
SM01142	DSHCT	1	0	2	0	0	0	9717
SM00255	TIR	1	0	21	0	0	0	9717
SM01399	Sybindin	1	0	2	0	0	0	9717
SM01211	GATase_5	1	0	1	0	0	0	9717
SM00119	HECTc	1	0	28	0	0	0	9717
SM00647	IBR	1	0	14	0	0	0	9717
SM00413	ETS	1	0	28	0	0	0	9717
SM01366	c-clamp	1	0	4	0	0	0	9717
SM00493	TOPRIM	1	0	2	0	0	0	9717
SM01395	Tbf5	1	0	1	0	0	0	9717
SM00661	RPOL9	1	0	2	0	0	0	9717
SM00183	NAT_PEP	1	0	3	0	0	0	9717
SM00644	Ami_2	1	0	4	0	0	0	9717
SM01346	DUF3385	1	0	1	0	0	0	9717
SM01104	CTD	1	0	2	0	0	0	9717
SM00241	ZP	1	0	14	0	0	0	9717
SM00543	MIF4G	1	0	10	0	0	0	9717
SM00998	ADSL_C	1	0	1	0	0	0	9717
SM01071	CDC37_N	1	0	1	0	0	0	9717
SM00060	FN3	1	0	149	0	0	0	9717
SM00443	G_patch	1	0	21	0	0	0	9717
SM01410	DIM1	1	0	2	0	0	0	9717
SM01350	6PGD	1	0	1	0	0	0	9717
SM00339	FH	1	0	49	0	0	0	9717
SM00563	PlsC	1	0	16	0	0	0	9717
SM00509	TFS2N	1	0	8	0	0	0	9717
SM00722	CASH	1	0	3	0	0	0	9717
SM01131	DHHA2	1	0	2	0	0	0	9717
SM00455	RBD	1	0	7	0	0	0	9717
SM00025	Pumilio	1	0	4	0	0	0	9717
SM00177	ARF	1	0	43	0	0	0	9717
SM00538	POP4	1	0	1	0	0	0	9717
SM01362	DUF663	1	0	2	0	0	0	9717
SM00436	TOP1Bc	1	0	2	0	0	0	9717
SM01188	ELK	1	0	1	0	0	0	9717
SM01051	CAMSAP_CKK	1	0	3	0	0	0	9717
SM01241	Integrin_b_cyt	1	0	6	0	0	0	9717
SM00798	AICARFT_IMPCHas	1	0	1	0	0	0	9717
SM01299	PIP49_N	1	0	3	0	0	0	9717
SM00632	Aamy_C	1	0	4	0	0	0	9717
SM00706	TECPR	1	0	3	0	0	0	9717
SM00022	PLAc	1	0	6	0	0	0	9717
SM01008	Ald_Xan_dh_C	1	0	2	0	0	0	9717
SM00382	AAA	1	0	135	0	0	0	9717
SM00284	OLF	1	0	13	0	0	0	9717
SM00833	CobW_C	1	0	3	0	0	0	9717
SM00986	UDG	1	0	1	0	0	0	9717
SM01343	FATC	1	0	6	0	0	0	9717
SM01405	Ribosomal_S6e	1	0	1	0	0	0	9717
SM01127	DDHD	1	0	6	0	0	0	9717
SM00271	DnaJ	1	0	47	0	0	0	9717
SM01192	Enolase_C	1	0	4	0	0	0	9717
SM01232	H2TH	1	0	3	0	0	0	9717
SM01183	EF1G	1	0	1	0	0	0	9717
SM01420	TRP_2	1	0	6	0	0	0	9717
SM00701	PGRP	1	0	4	0	0	0	9717
SM00812	Alpha_L_fucos	1	0	2	0	0	0	9717
SM00973	Sec63	1	0	4	0	0	0	9717
SM01055	Cadherin_pro	1	0	8	0	0	0	9717
SM00913	IBN_N	1	0	16	0	0	0	9717
SM00309	PAH	1	0	3	0	0	0	9717
